0,0,0,0,0,0,0,0,0,0,0,0,0,0,0,0,0,0,0,0,0,0,0,0,0,0,0,0
0,0,0,0,0,0,0,0,0,0,0,0,0,0,0,0,0,0,0,0,0,0,0,0,0,0,0,0
0,0,0,0,0,0,0,0,0,0,0,0,0,0,0,0,0,0,0,0,0,0,0,0,0,0,0,0
0,0,0,0,0,0,0,0,0,0,0,0,0,0,0,0,0,0,0,0,0,0,0,0,0,0,0,0
0,0,0,0,0,0,0,0,0,0,0,0,0,0,0,0,0,0,198,226,86,0,0,0,0,0,0,0
0,0,0,0,0,0,0,0,0,0,29,86,170,170,114,29,0,86,256,256,256,86,0,0,0,0,0,0
0,0,0,0,0,0,0,0,0,86,226,256,256,226,256,198,29,86,256,170,256,256,29,0,0,0,0,0
0,0,0,0,0,0,0,0,170,256,226,114,0,0,0,141,141,57,29,0,114,256,198,0,0,0,0,0
0,0,0,0,0,0,0,170,256,226,86,0,0,0,0,0,86,86,0,0,0,198,256,57,0,0,0,0
0,0,0,0,0,0,141,256,256,86,0,0,0,0,0,0,0,57,0,0,0,170,256,86,0,0,0,0
0,0,0,0,0,29,256,256,141,0,0,0,0,0,0,0,0,0,0,0,0,170,256,141,0,0,0,0
0,0,0,0,0,86,256,226,29,0,0,0,0,0,0,0,0,0,0,0,0,170,256,170,0,0,0,0
0,0,0,0,0,170,256,141,0,0,0,0,0,0,0,0,0,0,0,0,0,170,256,170,0,0,0,0
0,0,0,0,57,256,226,29,0,0,0,0,0,0,0,0,0,0,0,0,29,256,256,114,0,0,0,0
0,0,0,0,86,256,170,0,0,0,0,0,0,0,0,0,0,0,0,0,114,256,198,0,0,0,0,0
0,0,0,0,114,256,141,0,0,0,0,0,0,0,0,0,0,0,0,29,226,256,170,0,0,0,0,0
0,0,0,0,170,256,86,0,0,0,0,0,0,0,0,0,0,0,0,114,256,256,86,0,0,0,0,0
0,0,0,0,141,256,86,0,0,0,0,0,0,0,0,0,0,0,86,256,256,141,0,0,0,0,0,0
0,0,0,0,141,256,86,0,0,0,0,0,0,0,0,0,0,170,256,256,226,29,0,0,0,0,0,0
0,0,0,0,86,256,114,0,0,0,0,0,0,0,0,29,170,256,256,226,57,0,0,0,0,0,0,0
0,0,0,0,57,256,170,0,0,0,0,0,0,57,114,256,256,256,198,57,0,0,0,0,0,0,0,0
0,0,0,0,0,141,256,170,86,86,86,141,198,256,256,256,256,141,0,0,0,0,0,0,0,0,0,0
0,0,0,0,0,29,226,256,256,256,256,256,256,256,256,170,29,0,0,0,0,0,0,0,0,0,0,0
0,0,0,0,0,0,29,114,198,256,256,256,226,141,29,0,0,0,0,0,0,0,0,0,0,0,0,0
0,0,0,0,0,0,0,0,0,0,0,0,0,0,0,0,0,0,0,0,0,0,0,0,0,0,0,0
0,0,0,0,0,0,0,0,0,0,0,0,0,0,0,0,0,0,0,0,0,0,0,0,0,0,0,0
0,0,0,0,0,0,0,0,0,0,0,0,0,0,0,0,0,0,0,0,0,0,0,0,0,0,0,0
0,0,0,0,0,0,0,0,0,0,0,0,0,0,0,0,0,0,0,0,0,0,0,0,0,0,0,0
