0,0,0,0,0,0,0,0,0,0,0,0,0,0,0,0,0,0,0,0,0,0,0,0,0,0,0,0
0,0,0,0,0,0,0,0,0,0,0,0,0,0,0,0,0,0,0,0,0,0,0,0,0,0,0,0
0,0,0,0,0,0,0,0,0,0,0,0,0,0,0,0,0,0,0,0,0,0,0,0,0,0,0,0
0,0,0,0,0,0,0,0,0,0,0,0,0,0,0,0,0,0,0,0,0,0,0,0,0,0,0,0
0,0,0,0,0,0,0,0,0,0,0,0,0,0,0,0,0,0,0,0,0,0,0,0,0,0,0,0
0,0,0,0,0,0,0,0,0,0,0,0,0,0,0,0,0,0,0,0,0,0,0,0,0,0,0,0
0,0,0,0,0,0,0,0,0,0,0,0,0,0,0,0,0,0,0,0,0,0,0,0,0,0,0,0
0,0,0,0,0,0,0,0,0,0,114,141,198,256,256,256,256,141,0,0,0,0,0,0,0,0,0,0
0,0,0,0,0,0,0,0,141,256,256,198,170,86,86,86,226,256,141,0,0,0,0,0,0,0,0,0
0,0,0,0,0,0,0,0,256,256,0,0,0,0,0,0,86,256,114,0,0,0,0,0,0,0,0,0
0,0,0,0,0,0,0,0,256,256,0,0,0,0,0,0,29,256,198,86,0,0,0,0,0,0,0,0
0,0,0,0,0,0,0,0,226,256,0,0,0,0,0,0,86,256,256,141,0,0,0,0,0,0,0,0
0,0,0,0,0,0,0,0,86,256,86,0,0,0,0,0,226,256,256,29,0,0,0,0,0,0,0,0
0,0,0,0,0,0,0,0,0,226,256,29,0,0,0,29,256,256,141,0,0,0,0,0,0,0,0,0
0,0,0,0,0,0,0,0,0,29,226,198,29,0,0,114,256,256,0,0,0,0,0,0,0,0,0,0
0,0,0,0,0,0,0,0,0,0,29,170,256,198,198,256,256,114,0,0,0,0,0,0,0,0,0,0
0,0,0,0,0,0,0,0,0,0,0,0,57,86,86,226,256,0,0,0,0,0,0,0,0,0,0,0
0,0,0,0,0,0,0,0,0,0,0,0,0,0,0,256,256,0,0,0,0,0,0,0,0,0,0,0
0,0,0,0,0,0,0,0,0,0,0,0,0,0,0,256,256,0,0,0,0,0,0,0,0,0,0,0
0,0,0,0,0,0,0,0,0,0,0,0,0,0,57,256,170,0,0,0,0,0,0,0,0,0,0,0
0,0,0,0,0,0,0,0,0,0,0,0,0,0,86,256,170,0,0,0,0,0,0,0,0,0,0,0
0,0,0,0,0,0,0,0,0,0,0,0,0,0,114,256,170,0,0,0,0,0,0,0,0,0,0,0
0,0,0,0,0,0,0,0,0,0,0,0,0,0,141,256,226,0,0,0,0,0,0,0,0,0,0,0
0,0,0,0,0,0,0,0,0,0,0,0,0,0,226,256,226,0,0,0,0,0,0,0,0,0,0,0
0,0,0,0,0,0,0,0,0,0,0,0,0,0,256,256,141,0,0,0,0,0,0,0,0,0,0,0
0,0,0,0,0,0,0,0,0,0,0,0,0,0,256,256,0,0,0,0,0,0,0,0,0,0,0,0
0,0,0,0,0,0,0,0,0,0,0,0,0,0,226,141,0,0,0,0,0,0,0,0,0,0,0,0
0,0,0,0,0,0,0,0,0,0,0,0,0,0,0,0,0,0,0,0,0,0,0,0,0,0,0,0
