0,0,0,0,0,0,0,0,0,0,0,0,0,0,0,0,0,0,0,0,0,0,0,0,0,0,0,0
0,0,0,0,0,0,0,0,0,0,0,0,0,0,0,0,0,0,0,0,0,0,0,0,0,0,0,0
0,0,0,0,0,0,0,0,0,0,0,0,0,0,0,0,0,0,0,0,0,0,0,0,0,0,0,0
0,0,0,0,0,0,0,0,0,0,0,0,0,0,0,0,0,0,0,0,0,0,0,0,0,0,0,0
0,0,0,0,0,0,0,0,0,0,0,0,0,0,0,0,0,0,0,0,0,0,0,0,0,0,0,0
0,0,0,0,0,0,0,0,0,0,0,0,0,0,0,0,0,0,0,0,0,0,0,0,0,0,0,0
0,0,0,0,0,0,0,0,0,0,0,0,0,29,141,198,256,226,86,0,0,0,0,0,0,0,0,0
0,0,0,0,0,0,0,0,0,0,0,0,86,256,256,226,170,198,170,0,0,0,0,0,0,0,0,0
0,0,0,0,0,0,0,0,0,0,0,114,256,226,57,0,0,141,226,0,0,0,0,0,0,0,0,0
0,0,0,0,0,0,0,0,0,0,114,256,198,29,0,0,29,226,170,0,0,0,0,0,0,0,0,0
0,0,0,0,0,0,0,0,0,57,226,226,29,0,0,0,114,256,226,57,0,0,0,0,0,0,0,0
0,0,0,0,0,0,0,0,0,170,256,29,0,0,0,86,226,141,256,141,0,0,0,0,0,0,0,0
0,0,0,0,0,0,0,0,57,256,170,0,0,0,57,256,57,86,256,86,0,0,0,0,0,0,0,0
0,0,0,0,0,0,0,0,141,256,114,0,0,0,170,141,0,114,256,86,0,0,0,0,0,0,0,0
0,0,0,0,0,0,0,0,170,256,0,0,0,0,86,0,0,198,256,0,0,0,0,0,0,0,0,0
0,0,0,0,0,0,0,0,170,256,0,0,0,0,0,0,114,256,256,0,0,0,0,0,0,0,0,0
0,0,0,0,0,0,0,0,141,256,29,0,0,0,29,141,256,198,256,0,0,0,0,0,0,0,0,0
0,0,0,0,0,0,0,0,86,256,226,114,86,170,256,256,86,86,256,0,0,0,0,0,0,0,0,0
0,0,0,0,0,0,0,0,0,170,256,256,256,256,170,57,0,198,226,0,0,0,0,0,0,0,0,0
0,0,0,0,0,0,0,0,0,0,29,86,57,0,0,0,29,256,170,0,0,0,0,0,0,0,0,0
0,0,0,0,0,0,0,0,0,0,0,0,0,0,0,0,29,256,170,0,0,0,0,0,0,0,0,0
0,0,0,0,0,0,0,0,0,0,0,0,0,0,0,0,86,256,170,0,0,0,0,0,0,0,0,0
0,0,0,0,0,0,0,0,0,0,0,0,0,0,0,0,86,256,170,0,0,0,0,0,0,0,0,0
0,0,0,0,0,0,0,0,0,0,0,0,0,0,0,0,86,256,170,0,0,0,0,0,0,0,0,0
0,0,0,0,0,0,0,0,0,0,0,0,0,0,0,0,29,256,170,0,0,0,0,0,0,0,0,0
0,0,0,0,0,0,0,0,0,0,0,0,0,0,0,0,0,170,114,0,0,0,0,0,0,0,0,0
0,0,0,0,0,0,0,0,0,0,0,0,0,0,0,0,0,0,0,0,0,0,0,0,0,0,0,0
0,0,0,0,0,0,0,0,0,0,0,0,0,0,0,0,0,0,0,0,0,0,0,0,0,0,0,0
