0,0,0,0,0,0,0,0,0,0,0,0,0,0,0,0,0,0,0,0,0,0,0,0,0,0,0,0
0,0,0,0,0,0,0,0,0,0,0,0,0,0,0,0,0,0,0,0,0,0,0,0,0,0,0,0
0,0,0,0,0,0,0,0,0,0,0,0,0,0,0,0,0,0,0,0,0,0,0,0,0,0,0,0
0,0,0,0,0,0,0,0,0,0,0,0,0,0,0,0,0,0,0,0,0,0,0,0,0,0,0,0
0,0,0,0,0,0,0,0,0,0,0,0,0,0,0,0,0,0,0,0,0,0,0,0,0,0,0,0
0,0,0,0,0,0,0,0,0,0,0,0,0,0,0,0,0,0,0,0,0,0,0,0,0,0,0,0
0,0,0,0,0,0,0,0,0,0,0,29,170,198,198,86,0,0,0,0,0,0,0,0,0,0,0,0
0,0,0,0,0,0,0,0,0,0,86,256,198,86,114,256,57,0,0,0,0,0,0,0,0,0,0,0
0,0,0,0,0,0,0,0,0,0,256,226,0,0,0,57,198,0,0,0,0,0,0,0,0,0,0,0
0,0,0,0,0,0,0,0,0,170,256,0,0,0,0,0,256,86,0,0,0,0,0,0,0,0,0,0
0,0,0,0,0,0,0,0,29,256,29,0,0,0,0,0,256,170,0,0,0,0,0,0,0,0,0,0
0,0,0,0,0,0,0,0,226,141,0,0,0,0,0,0,198,256,170,0,0,0,0,0,0,0,0,0
0,0,0,0,0,0,0,57,256,29,0,0,0,0,0,0,170,256,114,0,0,0,0,0,0,0,0,0
0,0,0,0,0,0,0,170,256,0,0,0,0,0,0,0,226,256,29,0,0,0,0,0,0,0,0,0
0,0,0,0,0,0,0,170,256,0,0,0,0,0,0,170,256,256,0,0,0,0,0,0,0,0,0,0
0,0,0,0,0,0,0,170,256,0,0,0,0,0,198,256,198,256,0,0,0,0,0,0,0,0,0,0
0,0,0,0,0,0,0,57,256,29,0,0,57,198,256,57,86,256,0,0,0,0,0,0,0,0,0,0
0,0,0,0,0,0,0,0,198,256,256,170,256,256,86,0,170,256,0,0,0,0,0,0,0,0,0,0
0,0,0,0,0,0,0,0,0,86,86,170,57,0,0,0,198,256,0,0,0,0,0,0,0,0,0,0
0,0,0,0,0,0,0,0,0,0,0,0,0,0,0,0,256,226,0,0,0,0,0,0,0,0,0,0
0,0,0,0,0,0,0,0,0,0,0,0,0,0,0,0,256,170,0,0,0,0,0,0,0,0,0,0
0,0,0,0,0,0,0,0,0,0,0,0,0,0,0,0,256,170,0,0,0,0,0,0,0,0,0,0
0,0,0,0,0,0,0,0,0,0,0,0,0,0,0,0,256,170,0,0,0,0,0,0,0,0,0,0
0,0,0,0,0,0,0,0,0,0,0,0,0,0,0,0,256,170,0,0,0,0,0,0,0,0,0,0
0,0,0,0,0,0,0,0,0,0,0,0,0,0,0,0,256,170,0,0,0,0,0,0,0,0,0,0
0,0,0,0,0,0,0,0,0,0,0,0,0,0,0,0,256,86,0,0,0,0,0,0,0,0,0,0
0,0,0,0,0,0,0,0,0,0,0,0,0,0,0,0,0,0,0,0,0,0,0,0,0,0,0,0
0,0,0,0,0,0,0,0,0,0,0,0,0,0,0,0,0,0,0,0,0,0,0,0,0,0,0,0
