0,0,0,0,0,0,0,0,0,0,0,0,0,0,0,0,0,0,0,0,0,0,0,0,0,0,0,0
0,0,0,0,0,0,0,0,0,0,0,0,0,0,0,0,0,0,0,0,0,0,0,0,0,0,0,0
0,0,0,0,0,0,0,0,0,0,0,0,0,0,0,0,0,0,0,0,0,0,0,0,0,0,0,0
0,0,0,0,0,0,0,0,0,0,0,0,0,0,0,0,0,0,0,0,0,0,0,0,0,0,0,0
0,0,0,0,0,0,0,0,0,0,0,0,0,0,0,0,0,0,0,0,0,0,0,0,0,0,0,0
0,0,0,0,0,0,0,0,0,0,0,0,0,0,0,0,0,0,0,0,0,0,0,0,0,0,0,0
0,0,0,0,0,0,0,0,0,0,0,0,0,0,0,0,0,0,0,0,0,0,0,0,0,0,0,0
0,0,0,0,0,0,0,0,0,0,29,85,256,253,256,139,141,84,0,0,0,0,0,0,0,0,0,0
0,0,0,0,0,0,0,0,0,114,197,251,253,251,253,251,253,196,0,0,0,0,0,0,0,0,0,0
0,0,0,0,0,0,0,0,141,253,256,253,254,253,169,225,254,253,85,28,0,0,0,0,0,0,0,0
0,0,0,0,0,0,0,114,253,251,253,251,84,83,0,56,139,251,253,196,0,0,0,0,0,0,0,0
0,0,0,0,0,0,0,169,256,253,256,139,85,28,29,197,254,253,254,253,0,0,0,0,0,0,0,0
0,0,0,0,0,0,0,168,253,251,253,251,253,196,197,251,253,251,253,138,0,0,0,0,0,0,0,0
0,0,0,0,0,0,0,114,198,253,256,253,254,253,254,253,254,253,254,84,0,0,0,0,0,0,0,0
0,0,0,0,0,0,0,0,28,83,139,251,84,83,84,196,253,251,196,28,0,0,0,0,0,0,0,0
0,0,0,0,0,0,0,0,0,0,0,0,0,0,0,169,254,253,169,0,0,0,0,0,0,0,0,0
0,0,0,0,0,0,0,0,0,0,0,0,0,0,0,168,253,251,168,0,0,0,0,0,0,0,0,0
0,0,0,0,0,0,0,0,0,0,0,0,0,0,0,169,254,253,169,0,0,0,0,0,0,0,0,0
0,0,0,0,0,0,0,0,0,0,0,0,0,0,0,168,253,251,168,0,0,0,0,0,0,0,0,0
0,0,0,0,0,0,0,0,0,0,0,0,0,0,0,169,254,253,169,0,0,0,0,0,0,0,0,0
0,0,0,0,0,0,0,0,0,0,0,0,0,0,0,168,253,251,56,0,0,0,0,0,0,0,0,0
0,0,0,0,0,0,0,0,0,0,0,0,0,0,29,197,254,253,57,0,0,0,0,0,0,0,0,0
0,0,0,0,0,0,0,0,0,0,0,0,0,0,85,251,253,251,56,0,0,0,0,0,0,0,0,0
0,0,0,0,0,0,0,0,0,0,0,0,0,0,85,253,254,253,0,0,0,0,0,0,0,0,0,0
0,0,0,0,0,0,0,0,0,0,0,0,0,0,85,251,253,251,0,0,0,0,0,0,0,0,0,0
0,0,0,0,0,0,0,0,0,0,0,0,0,0,85,253,254,196,0,0,0,0,0,0,0,0,0,0
0,0,0,0,0,0,0,0,0,0,0,0,0,0,28,196,196,28,0,0,0,0,0,0,0,0,0,0
0,0,0,0,0,0,0,0,0,0,0,0,0,0,0,0,0,0,0,0,0,0,0,0,0,0,0,0
