0,0,0,0,0,0,0,0,0,0,0,0,0,0,0,0,0,0,0,0,0,0,0,0,0,0,0,0
0,0,0,0,0,0,0,0,0,0,0,0,0,0,0,0,0,0,0,0,0,0,0,0,0,0,0,0
0,0,0,0,0,0,0,0,0,0,0,0,0,0,0,0,0,0,0,0,0,0,0,0,0,0,0,0
0,0,0,0,0,0,0,0,0,0,0,0,0,0,0,0,0,0,0,0,0,0,0,0,0,0,0,0
0,0,0,0,0,0,0,0,0,0,0,0,0,0,0,0,0,0,0,0,0,0,0,0,0,0,0,0
0,0,0,0,0,0,0,0,0,0,0,0,0,0,0,0,0,0,0,0,0,0,0,0,0,0,0,0
0,0,0,0,0,0,0,0,0,86,170,226,256,256,256,256,170,29,0,0,0,0,0,0,0,0,0,0
0,0,0,0,0,0,0,0,170,256,256,226,170,141,114,170,256,170,0,0,0,0,0,0,0,0,0,0
0,0,0,0,0,0,0,86,256,256,198,29,0,0,0,0,256,256,0,0,0,0,0,0,0,0,0,0
0,0,0,0,0,0,0,141,256,256,86,0,0,0,0,0,170,256,114,0,0,0,0,0,0,0,0,0
0,0,0,0,0,0,29,256,256,226,0,0,0,0,0,0,57,256,198,29,0,0,0,0,0,0,0,0
0,0,0,0,0,0,0,256,256,226,0,0,0,0,0,0,0,256,256,170,0,0,0,0,0,0,0,0
0,0,0,0,0,0,0,256,256,114,0,0,0,0,0,0,0,198,256,256,57,0,0,0,0,0,0,0
0,0,0,0,0,0,29,256,256,86,0,0,0,0,0,0,0,198,256,256,86,0,0,0,0,0,0,0
0,0,0,0,0,0,0,256,256,86,0,0,0,0,0,0,0,256,256,256,57,0,0,0,0,0,0,0
0,0,0,0,0,0,0,256,256,114,0,0,0,0,0,0,170,256,256,256,0,0,0,0,0,0,0,0
0,0,0,0,0,0,0,114,256,226,0,0,0,0,29,170,256,256,256,256,0,0,0,0,0,0,0,0
0,0,0,0,0,0,0,0,256,256,198,170,170,226,256,256,256,198,256,256,0,0,0,0,0,0,0,0
0,0,0,0,0,0,0,0,29,198,256,256,256,256,226,86,29,86,256,256,0,0,0,0,0,0,0,0
0,0,0,0,0,0,0,0,0,0,29,0,86,86,0,0,0,86,256,256,0,0,0,0,0,0,0,0
0,0,0,0,0,0,0,0,0,0,0,0,0,0,0,0,0,57,256,256,0,0,0,0,0,0,0,0
0,0,0,0,0,0,0,0,0,0,0,0,0,0,0,0,0,0,256,256,0,0,0,0,0,0,0,0
0,0,0,0,0,0,0,0,0,0,0,0,0,0,0,0,0,0,256,256,57,0,0,0,0,0,0,0
0,0,0,0,0,0,0,0,0,0,0,0,0,0,0,0,0,0,256,256,170,0,0,0,0,0,0,0
0,0,0,0,0,0,0,0,0,0,0,0,0,0,0,0,0,0,256,256,198,0,0,0,0,0,0,0
0,0,0,0,0,0,0,0,0,0,0,0,0,0,0,0,0,0,170,256,29,0,0,0,0,0,0,0
0,0,0,0,0,0,0,0,0,0,0,0,0,0,0,0,0,0,0,0,0,0,0,0,0,0,0,0
0,0,0,0,0,0,0,0,0,0,0,0,0,0,0,0,0,0,0,0,0,0,0,0,0,0,0,0
