0,0,0,0,0,0,0,0,0,0,0,0,0,0,0,0,0,0,0,0,0,0,0,0,0,0,0,0
0,0,0,0,0,0,0,0,0,0,0,0,0,0,0,0,0,0,0,0,0,0,0,0,0,0,0,0
0,0,0,0,0,0,0,0,0,0,0,0,0,0,0,0,0,0,0,0,0,0,0,0,0,0,0,0
0,0,0,0,0,0,0,0,0,0,0,0,0,0,0,0,0,0,0,0,0,0,0,0,0,0,0,0
0,0,0,0,0,0,0,0,0,0,0,0,0,0,0,0,0,0,0,0,0,0,0,0,0,0,0,0
0,0,0,0,0,0,0,0,0,0,0,0,0,0,0,0,0,0,0,0,0,0,0,0,0,0,0,0
0,0,0,0,0,0,0,0,0,0,0,0,0,0,0,0,0,0,0,0,0,0,0,0,0,0,0,0
0,0,0,0,0,0,0,0,0,0,0,29,141,198,256,170,57,0,0,0,0,0,0,0,0,0,0,0
0,0,0,0,0,0,0,0,0,0,114,256,256,256,256,256,256,86,0,0,0,0,0,0,0,0,0,0
0,0,0,0,0,0,0,0,0,86,256,256,226,57,0,141,256,256,0,0,0,0,0,0,0,0,0,0
0,0,0,0,0,0,0,0,57,256,256,198,0,0,0,0,226,256,29,0,0,0,0,0,0,0,0,0
0,0,0,0,0,0,0,0,141,256,226,29,0,0,0,29,226,256,86,0,0,0,0,0,0,0,0,0
0,0,0,0,0,0,0,29,256,256,86,0,0,0,57,226,256,256,86,0,0,0,0,0,0,0,0,0
0,0,0,0,0,0,0,86,256,256,0,0,0,86,256,256,256,256,86,0,0,0,0,0,0,0,0,0
0,0,0,0,0,0,0,86,256,256,86,141,226,256,256,170,256,256,86,0,0,0,0,0,0,0,0,0
0,0,0,0,0,0,0,0,226,256,256,256,256,198,29,86,256,256,57,0,0,0,0,0,0,0,0,0
0,0,0,0,0,0,0,0,57,170,226,170,86,0,0,86,256,256,29,0,0,0,0,0,0,0,0,0
0,0,0,0,0,0,0,0,0,0,0,0,0,0,0,86,256,256,0,0,0,0,0,0,0,0,0,0
0,0,0,0,0,0,0,0,0,0,0,0,0,0,0,170,256,226,0,0,0,0,0,0,0,0,0,0
0,0,0,0,0,0,0,0,0,0,0,0,0,0,0,170,256,141,0,0,0,0,0,0,0,0,0,0
0,0,0,0,0,0,0,0,0,0,0,0,0,0,0,170,256,86,0,0,0,0,0,0,0,0,0,0
0,0,0,0,0,0,0,0,0,0,0,0,0,0,0,256,256,86,0,0,0,0,0,0,0,0,0,0
0,0,0,0,0,0,0,0,0,0,0,0,0,0,0,256,256,86,0,0,0,0,0,0,0,0,0,0
0,0,0,0,0,0,0,0,0,0,0,0,0,0,0,256,256,86,0,0,0,0,0,0,0,0,0,0
0,0,0,0,0,0,0,0,0,0,0,0,0,0,0,256,256,86,0,0,0,0,0,0,0,0,0,0
0,0,0,0,0,0,0,0,0,0,0,0,0,0,29,256,256,57,0,0,0,0,0,0,0,0,0,0
0,0,0,0,0,0,0,0,0,0,0,0,0,0,57,226,114,0,0,0,0,0,0,0,0,0,0,0
0,0,0,0,0,0,0,0,0,0,0,0,0,0,0,0,0,0,0,0,0,0,0,0,0,0,0,0
