0,0,0,0,0,0,0,0,0,0,0,0,0,0,0,0,0,0,0,0,0,0,0,0,0,0,0,0
0,0,0,0,0,0,0,0,0,0,0,0,0,0,0,0,0,0,0,0,0,0,0,0,0,0,0,0
0,0,0,0,0,0,0,0,0,0,0,0,0,0,0,0,0,0,0,0,0,0,0,0,0,0,0,0
0,0,0,0,0,0,0,0,0,0,0,0,0,0,0,0,0,0,0,0,0,0,0,0,0,0,0,0
0,0,0,0,0,0,0,0,0,0,0,0,0,0,0,0,0,0,0,0,0,0,0,0,0,0,0,0
0,0,0,0,0,0,0,0,0,0,0,0,0,0,0,0,0,0,0,0,0,0,0,0,0,0,0,0
0,0,0,0,0,0,0,0,0,0,0,86,198,256,256,198,29,0,0,0,0,0,0,0,0,0,0,0
0,0,0,0,0,0,0,0,0,0,226,256,198,170,170,256,256,57,0,0,0,0,0,0,0,0,0,0
0,0,0,0,0,0,0,0,0,198,256,57,0,0,0,29,226,198,0,0,0,0,0,0,0,0,0,0
0,0,0,0,0,0,0,0,57,256,86,0,0,0,0,0,0,256,170,86,0,0,0,0,0,0,0,0
0,0,0,0,0,0,0,0,198,226,0,0,0,0,0,0,0,141,256,170,0,0,0,0,0,0,0,0
0,0,0,0,0,0,0,0,256,170,0,0,0,0,0,0,0,86,256,170,0,0,0,0,0,0,0,0
0,0,0,0,0,0,0,0,256,170,0,0,0,0,0,0,0,114,256,170,0,0,0,0,0,0,0,0
0,0,0,0,0,0,0,0,256,114,0,0,0,0,0,0,0,198,256,86,0,0,0,0,0,0,0,0
0,0,0,0,0,0,0,0,256,198,0,0,0,0,0,0,0,256,256,0,0,0,0,0,0,0,0,0
0,0,0,0,0,0,0,0,86,256,86,0,0,0,0,0,0,256,256,0,0,0,0,0,0,0,0,0
0,0,0,0,0,0,0,0,0,170,256,141,86,0,0,0,170,256,170,0,0,0,0,0,0,0,0,0
0,0,0,0,0,0,0,0,0,0,114,256,256,256,256,256,256,256,141,0,0,0,0,0,0,0,0,0
0,0,0,0,0,0,0,0,0,0,0,0,57,86,86,86,141,256,141,0,0,0,0,0,0,0,0,0
0,0,0,0,0,0,0,0,0,0,0,0,0,0,0,0,141,256,86,0,0,0,0,0,0,0,0,0
0,0,0,0,0,0,0,0,0,0,0,0,0,0,0,0,170,256,57,0,0,0,0,0,0,0,0,0
0,0,0,0,0,0,0,0,0,0,0,0,0,0,0,0,170,256,0,0,0,0,0,0,0,0,0,0
0,0,0,0,0,0,0,0,0,0,0,0,0,0,0,0,256,226,0,0,0,0,0,0,0,0,0,0
0,0,0,0,0,0,0,0,0,0,0,0,0,0,0,29,256,114,0,0,0,0,0,0,0,0,0,0
0,0,0,0,0,0,0,0,0,0,0,0,0,0,0,86,256,57,0,0,0,0,0,0,0,0,0,0
0,0,0,0,0,0,0,0,0,0,0,0,0,0,0,29,198,0,0,0,0,0,0,0,0,0,0,0
0,0,0,0,0,0,0,0,0,0,0,0,0,0,0,0,0,0,0,0,0,0,0,0,0,0,0,0
0,0,0,0,0,0,0,0,0,0,0,0,0,0,0,0,0,0,0,0,0,0,0,0,0,0,0,0
