0,0,0,0,0,0,0,0,0,0,0,0,0,0,0,0,0,0,0,0,0,0,0,0,0,0,0,0
0,0,0,0,0,0,0,0,0,0,0,0,0,0,0,0,0,0,0,0,0,0,0,0,0,0,0,0
0,0,0,0,0,0,0,0,0,0,0,0,0,0,0,0,0,0,0,0,0,0,0,0,0,0,0,0
0,0,0,0,0,0,0,0,0,0,0,0,0,0,0,0,0,0,0,0,0,0,0,0,0,0,0,0
0,0,0,0,0,0,0,0,0,0,0,0,0,0,0,0,0,0,0,0,0,0,0,0,0,0,0,0
0,0,0,0,0,0,0,0,0,0,0,0,0,0,0,0,0,0,0,0,0,0,0,0,0,0,0,0
0,0,0,0,0,0,0,0,0,0,0,0,0,0,0,0,0,0,0,0,0,0,0,0,0,0,0,0
0,0,0,0,0,0,0,0,0,29,141,198,226,198,141,29,0,0,0,0,0,0,0,0,0,0,0,0
0,0,0,0,0,0,0,0,29,170,256,256,170,170,198,256,114,0,0,0,0,0,0,0,0,0,0,0
0,0,0,0,0,0,0,0,170,226,114,0,0,0,0,86,256,114,0,0,0,0,0,0,0,0,0,0
0,0,0,0,0,0,0,86,256,114,0,0,0,0,0,0,114,256,29,0,0,0,0,0,0,0,0,0
0,0,0,0,0,0,0,141,226,0,0,0,0,0,0,0,0,226,141,86,114,0,0,0,0,0,0,0
0,0,0,0,0,0,0,256,170,0,0,0,0,0,0,0,0,198,226,256,256,0,0,0,0,0,0,0
0,0,0,0,0,0,0,256,170,0,0,0,0,0,0,0,114,256,256,256,170,0,0,0,0,0,0,0
0,0,0,0,0,0,0,114,256,29,0,0,0,0,0,86,226,256,226,256,114,0,0,0,0,0,0,0
0,0,0,0,0,0,0,57,256,226,86,0,0,0,170,256,256,114,114,256,29,0,0,0,0,0,0,0
0,0,0,0,0,0,0,0,86,198,256,226,170,226,256,141,57,0,226,170,0,0,0,0,0,0,0,0
0,0,0,0,0,0,0,0,0,0,114,170,170,141,57,0,0,86,256,141,0,0,0,0,0,0,0,0
0,0,0,0,0,0,0,0,0,0,0,0,0,0,0,0,0,141,256,57,0,0,0,0,0,0,0,0
0,0,0,0,0,0,0,0,0,0,0,0,0,0,0,0,0,226,198,0,0,0,0,0,0,0,0,0
0,0,0,0,0,0,0,0,0,0,0,0,0,0,0,0,86,256,170,0,0,0,0,0,0,0,0,0
0,0,0,0,0,0,0,0,0,0,0,0,0,0,0,0,86,256,86,0,0,0,0,0,0,0,0,0
0,0,0,0,0,0,0,0,0,0,0,0,0,0,0,0,198,256,57,0,0,0,0,0,0,0,0,0
0,0,0,0,0,0,0,0,0,0,0,0,0,0,0,29,256,198,0,0,0,0,0,0,0,0,0,0
0,0,0,0,0,0,0,0,0,0,0,0,0,0,0,86,256,141,0,0,0,0,0,0,0,0,0,0
0,0,0,0,0,0,0,0,0,0,0,0,0,0,0,114,256,57,0,0,0,0,0,0,0,0,0,0
0,0,0,0,0,0,0,0,0,0,0,0,0,0,0,86,226,0,0,0,0,0,0,0,0,0,0,0
0,0,0,0,0,0,0,0,0,0,0,0,0,0,0,0,0,0,0,0,0,0,0,0,0,0,0,0
