0,0,0,0,0,0,0,0,0,0,0,0,0,0,0,0,0,0,0,0,0,0,0,0,0,0,0,0
0,0,0,0,0,0,0,0,0,0,0,0,0,0,0,0,0,0,0,0,0,0,0,0,0,0,0,0
0,0,0,0,0,0,0,0,0,0,0,0,0,0,0,0,0,0,0,0,0,0,0,0,0,0,0,0
0,0,0,0,0,0,0,0,0,0,0,0,0,0,0,0,0,0,0,0,0,0,0,0,0,0,0,0
0,0,0,0,0,0,0,0,0,0,0,0,0,0,0,0,0,0,0,0,0,0,0,0,0,0,0,0
0,0,0,0,0,0,0,0,0,0,0,0,0,0,0,0,0,0,0,0,0,0,0,0,0,0,0,0
0,0,0,0,0,0,0,0,0,0,0,0,0,0,0,0,0,0,0,0,0,0,0,0,0,0,0,0
0,0,0,0,0,0,0,0,0,0,0,0,0,57,170,198,256,256,256,256,198,170,86,0,0,0,0,0
0,0,0,0,0,0,0,0,0,0,29,141,226,256,256,256,114,86,141,170,226,256,256,114,0,0,0,0
0,0,0,0,0,0,0,0,0,57,226,256,256,198,170,29,0,0,0,0,86,256,256,198,0,0,0,0
0,0,0,0,0,0,0,29,141,256,256,170,29,0,0,0,0,0,0,86,226,256,256,86,0,0,0,0
0,0,0,0,0,0,57,256,256,198,86,0,0,0,0,0,0,29,170,256,256,256,198,0,0,0,0,0
0,0,0,0,0,114,226,256,141,29,0,0,0,0,0,0,86,226,256,256,256,141,29,0,0,0,0,0
0,0,0,0,57,256,256,57,0,0,0,0,0,0,86,226,256,256,256,141,0,0,0,0,0,0,0,0
0,0,0,0,198,256,141,0,0,0,0,29,86,226,256,256,256,256,198,0,0,0,0,0,0,0,0,0
0,0,0,0,86,256,256,198,256,256,170,256,226,170,86,256,256,170,0,0,0,0,0,0,0,0,0,0
0,0,0,0,0,86,198,256,256,226,170,141,29,0,57,226,256,29,0,0,0,0,0,0,0,0,0,0
0,0,0,0,0,0,0,0,0,0,0,0,0,29,226,256,57,0,0,0,0,0,0,0,0,0,0,0
0,0,0,0,0,0,0,0,0,0,0,0,0,141,256,226,0,0,0,0,0,0,0,0,0,0,0,0
0,0,0,0,0,0,0,0,0,0,0,0,86,256,256,57,0,0,0,0,0,0,0,0,0,0,0,0
0,0,0,0,0,0,0,0,0,0,0,0,226,256,114,0,0,0,0,0,0,0,0,0,0,0,0,0
0,0,0,0,0,0,0,0,0,0,0,170,256,226,0,0,0,0,0,0,0,0,0,0,0,0,0,0
0,0,0,0,0,0,0,0,0,0,57,226,256,86,0,0,0,0,0,0,0,0,0,0,0,0,0,0
0,0,0,0,0,0,0,0,0,29,198,256,170,0,0,0,0,0,0,0,0,0,0,0,0,0,0,0
0,0,0,0,0,0,0,0,0,114,256,226,0,0,0,0,0,0,0,0,0,0,0,0,0,0,0,0
0,0,0,0,0,0,0,0,0,198,256,57,0,0,0,0,0,0,0,0,0,0,0,0,0,0,0,0
0,0,0,0,0,0,0,0,29,170,170,0,0,0,0,0,0,0,0,0,0,0,0,0,0,0,0,0
0,0,0,0,0,0,0,0,0,0,0,0,0,0,0,0,0,0,0,0,0,0,0,0,0,0,0,0
