0,0,0,0,0,0,0,0,0,0,0,0,0,0,0,0,0,0,0,0,0,0,0,0,0,0,0,0
0,0,0,0,0,0,0,0,0,0,0,0,0,0,0,0,0,0,0,0,0,0,0,0,0,0,0,0
0,0,0,0,0,0,0,0,0,0,0,0,0,0,0,0,0,0,0,0,0,0,0,0,0,0,0,0
0,0,0,0,0,0,0,0,0,0,0,0,0,0,0,0,0,0,0,0,0,0,0,0,0,0,0,0
0,0,0,0,0,0,0,0,0,0,0,0,0,0,0,0,0,0,0,0,0,0,0,0,0,0,0,0
0,0,0,0,0,0,0,0,0,0,0,0,0,0,0,0,0,0,0,0,0,0,0,0,0,0,0,0
0,0,0,0,0,0,0,0,0,0,0,0,29,114,226,256,256,170,29,0,0,0,0,0,0,0,0,0
0,0,0,0,0,0,0,0,0,0,0,57,226,256,256,170,256,256,141,0,0,0,0,0,0,0,0,0
0,0,0,0,0,0,0,0,0,0,86,226,256,198,57,0,86,256,170,0,0,0,0,0,0,0,0,0
0,0,0,0,0,0,0,0,0,57,226,256,141,0,0,0,86,256,170,0,0,0,0,0,0,0,0,0
0,0,0,0,0,0,0,0,29,226,256,141,0,0,0,0,86,256,170,114,29,0,0,0,0,0,0,0
0,0,0,0,0,0,0,0,141,256,170,0,0,0,0,0,170,256,141,256,86,0,0,0,0,0,0,0
0,0,0,0,0,0,0,57,256,226,29,0,0,0,0,57,256,141,141,256,57,0,0,0,0,0,0,0
0,0,0,0,0,0,0,86,256,141,0,0,0,0,29,226,198,86,256,198,0,0,0,0,0,0,0,0
0,0,0,0,0,0,0,170,256,86,0,0,0,0,114,141,29,114,256,170,0,0,0,0,0,0,0,0
0,0,0,0,0,0,0,141,256,114,0,0,0,0,0,0,86,256,256,29,0,0,0,0,0,0,0,0
0,0,0,0,0,0,0,86,256,256,141,0,86,86,86,141,256,256,226,0,0,0,0,0,0,0,0,0
0,0,0,0,0,0,0,114,198,256,256,256,256,256,256,256,256,256,226,29,0,0,0,0,0,0,0,0
0,0,0,0,0,0,0,0,0,29,57,86,198,141,29,0,170,256,141,0,0,0,0,0,0,0,0,0
0,0,0,0,0,0,0,0,0,0,0,0,0,0,0,0,226,256,170,0,0,0,0,0,0,0,0,0
0,0,0,0,0,0,0,0,0,0,0,0,0,0,0,86,256,256,141,0,0,0,0,0,0,0,0,0
0,0,0,0,0,0,0,0,0,0,0,0,0,0,0,86,256,226,29,0,0,0,0,0,0,0,0,0
0,0,0,0,0,0,0,0,0,0,0,0,0,0,0,170,256,170,0,0,0,0,0,0,0,0,0,0
0,0,0,0,0,0,0,0,0,0,0,0,0,0,0,198,256,141,0,0,0,0,0,0,0,0,0,0
0,0,0,0,0,0,0,0,0,0,0,0,0,0,0,198,256,86,0,0,0,0,0,0,0,0,0,0
0,0,0,0,0,0,0,0,0,0,0,0,0,0,0,198,226,29,0,0,0,0,0,0,0,0,0,0
0,0,0,0,0,0,0,0,0,0,0,0,0,0,0,0,0,0,0,0,0,0,0,0,0,0,0,0
0,0,0,0,0,0,0,0,0,0,0,0,0,0,0,0,0,0,0,0,0,0,0,0,0,0,0,0
