0,0,0,0,0,0,0,0,0,0,0,0,0,0,0,0,0,0,0,0,0,0,0,0,0,0,0,0
0,0,0,0,0,0,0,0,0,0,0,0,0,0,0,0,0,0,0,0,0,0,0,0,0,0,0,0
0,0,0,0,0,0,0,0,0,0,0,0,0,0,0,0,0,0,0,0,0,0,0,0,0,0,0,0
0,0,0,0,0,0,0,0,0,0,0,0,0,0,0,0,0,0,0,0,0,0,0,0,0,0,0,0
0,0,0,0,0,0,0,0,0,0,0,0,0,0,0,0,0,0,0,0,0,0,0,0,0,0,0,0
0,0,0,0,0,0,0,0,0,0,0,0,0,0,0,0,0,0,0,0,0,0,0,0,0,0,0,0
0,0,0,0,0,0,0,0,0,0,0,0,0,0,86,226,256,170,86,0,0,0,0,0,0,0,0,0
0,0,0,0,0,0,0,0,0,0,0,0,0,170,256,256,256,256,256,86,0,0,0,0,0,0,0,0
0,0,0,0,0,0,0,0,0,0,0,0,0,86,141,226,198,141,170,170,29,0,29,0,0,0,0,0
0,0,0,0,0,0,0,0,0,0,86,114,170,256,114,29,0,0,0,170,256,86,0,0,0,0,0,0
0,0,0,0,0,0,0,0,0,0,170,256,198,57,0,0,0,29,141,226,256,226,0,0,0,0,0,0
0,0,0,0,0,0,0,0,57,198,226,170,0,0,0,0,0,170,256,256,226,86,0,0,0,0,0,0
0,0,0,0,0,0,0,0,198,141,0,0,0,0,0,0,141,256,256,256,57,0,0,0,0,0,0,0
0,0,0,0,0,0,0,0,114,57,0,0,0,0,57,141,256,256,256,86,0,0,0,0,0,0,0,0
0,0,0,0,0,0,0,114,256,57,0,0,86,141,256,256,256,256,170,0,0,0,0,0,0,0,0,0
0,0,0,0,0,0,0,170,256,141,141,114,226,114,57,256,256,256,57,0,0,0,0,0,0,0,0,0
0,0,0,0,0,0,0,114,226,226,170,29,0,0,141,256,256,141,0,0,0,0,0,0,0,0,0,0
0,0,0,0,0,0,0,0,0,0,0,0,0,0,170,256,198,57,0,0,0,0,0,0,0,0,0,0
0,0,0,0,0,0,0,0,0,0,0,0,0,0,198,256,86,0,0,0,0,0,0,0,0,0,0,0
0,0,0,0,0,0,0,0,0,0,0,0,0,141,256,256,86,0,0,0,0,0,0,0,0,0,0,0
0,0,0,0,0,0,0,0,0,0,0,0,114,256,256,141,0,0,0,0,0,0,0,0,0,0,0,0
0,0,0,0,0,0,0,0,0,0,0,0,141,256,170,0,0,0,0,0,0,0,0,0,0,0,0,0
0,0,0,0,0,0,0,0,0,0,0,86,226,170,29,0,0,0,0,0,0,0,0,0,0,0,0,0
0,0,0,0,0,0,0,0,0,141,256,256,198,29,0,0,0,0,0,0,0,0,0,0,0,0,0,0
0,0,0,0,0,0,0,0,226,256,256,114,29,0,0,0,0,0,0,0,0,0,0,0,0,0,0,0
0,0,0,0,0,0,0,0,256,170,57,0,0,0,0,0,0,0,0,0,0,0,0,0,0,0,0,0
0,0,0,0,0,0,0,0,0,0,0,0,0,0,0,0,0,0,0,0,0,0,0,0,0,0,0,0
0,0,0,0,0,0,0,0,0,0,0,0,0,0,0,0,0,0,0,0,0,0,0,0,0,0,0,0
