0,0,0,0,0,0,0,0,0,0,0,0,0,0,0,0,0,0,0,0,0,0,0,0,0,0,0,0
0,0,0,0,0,0,0,0,0,0,0,0,0,0,0,0,0,0,0,0,0,0,0,0,0,0,0,0
0,0,0,0,0,0,0,0,0,0,0,0,0,0,0,0,0,0,0,0,0,0,0,0,0,0,0,0
0,0,0,0,0,0,0,0,0,0,0,0,0,0,0,0,0,0,0,0,0,0,0,0,0,0,0,0
0,0,0,0,0,0,0,0,0,0,0,0,0,0,0,0,0,0,0,0,0,0,0,0,0,0,0,0
0,0,0,0,0,0,0,0,0,0,0,29,114,226,256,256,170,86,141,57,57,0,0,0,0,0,0,0
0,0,0,0,0,0,0,0,0,0,86,256,256,198,256,256,256,256,256,256,256,226,29,0,0,0,0,0
0,0,0,0,0,0,0,0,0,141,256,170,29,170,256,256,256,256,256,256,256,256,170,0,0,0,0,0
0,0,0,0,0,0,0,0,170,256,141,0,170,256,256,114,198,256,86,29,170,256,256,57,0,0,0,0
0,0,0,0,0,0,0,114,256,198,0,86,256,256,57,0,141,256,114,0,0,256,256,141,0,0,0,0
0,0,0,0,0,0,0,256,256,29,0,198,256,57,0,0,86,256,170,0,0,198,256,256,0,0,0,0
0,0,0,0,0,0,141,256,141,0,57,256,198,0,0,0,86,256,86,0,0,86,256,256,0,0,0,0
0,0,0,0,0,0,256,256,29,0,226,256,86,0,0,0,86,256,0,0,0,0,256,256,141,0,0,0
0,0,0,0,0,114,256,256,0,0,256,256,57,0,0,0,86,170,0,0,0,0,256,256,114,0,0,0
0,0,0,0,0,170,256,226,0,0,226,256,114,0,0,0,86,29,0,0,0,0,256,256,170,0,0,0
0,0,0,0,0,256,256,170,0,0,86,256,198,0,0,0,0,0,0,0,0,0,256,256,86,0,0,0
0,0,0,0,0,256,256,141,0,0,0,170,256,57,0,0,0,0,0,0,0,0,256,256,0,0,0,0
0,0,0,0,0,256,256,170,0,0,0,0,86,114,0,0,0,0,0,0,0,0,256,256,0,0,0,0
0,0,0,0,0,256,256,256,0,0,0,0,0,57,0,0,0,0,0,0,0,86,256,170,0,0,0,0
0,0,0,0,0,256,256,256,114,0,0,0,0,0,0,0,0,0,0,0,29,256,256,29,0,0,0,0
0,0,0,0,0,170,256,256,256,29,0,0,0,0,0,0,0,0,0,0,114,256,86,0,0,0,0,0
0,0,0,0,0,29,256,256,256,226,29,0,0,0,0,0,0,0,0,141,256,114,0,0,0,0,0,0
0,0,0,0,0,0,29,256,256,256,256,170,141,86,29,0,86,141,226,256,170,0,0,0,0,0,0,0
0,0,0,0,0,0,0,57,141,256,256,256,256,256,256,256,256,256,226,114,0,0,0,0,0,0,0,0
0,0,0,0,0,0,0,0,0,29,170,170,170,256,256,170,141,86,0,0,0,0,0,0,0,0,0,0
0,0,0,0,0,0,0,0,0,0,0,0,0,0,0,0,0,0,0,0,0,0,0,0,0,0,0,0
0,0,0,0,0,0,0,0,0,0,0,0,0,0,0,0,0,0,0,0,0,0,0,0,0,0,0,0
0,0,0,0,0,0,0,0,0,0,0,0,0,0,0,0,0,0,0,0,0,0,0,0,0,0,0,0
