0,0,0,0,0,0,0,0,0,0,0,0,0,0,0,0,0,0,0,0,0,0,0,0,0,0,0,0
0,0,0,0,0,0,0,0,0,0,0,0,0,0,0,0,0,0,0,0,0,0,0,0,0,0,0,0
0,0,0,0,0,0,0,0,0,0,0,0,0,0,0,0,0,0,0,0,0,0,0,0,0,0,0,0
0,0,0,0,0,0,0,0,0,0,0,0,0,64,128,256,256,64,0,0,0,0,0,0,0,0,0,0
0,0,0,0,0,0,0,0,0,0,0,0,191,256,256,256,256,128,0,0,0,0,0,0,0,0,0,0
0,0,0,0,0,0,0,0,0,0,0,64,256,256,256,256,128,64,0,0,0,0,0,0,0,0,0,0
0,0,0,0,0,0,0,0,0,0,0,256,256,256,191,64,0,0,0,0,0,0,0,0,0,0,0,0
0,0,0,0,0,0,0,0,0,0,191,256,256,191,0,0,0,0,0,0,0,0,0,0,0,0,0,0
0,0,0,0,0,0,0,0,0,128,256,191,64,0,0,0,0,0,0,0,0,0,0,0,0,0,0,0
0,0,0,0,0,0,0,0,64,256,256,64,0,0,0,0,0,0,0,0,0,0,0,0,0,0,0,0
0,0,0,0,0,0,0,0,256,256,256,0,0,0,0,0,0,0,0,0,0,0,0,0,0,0,0,0
0,0,0,0,0,0,0,64,256,256,128,0,0,0,0,0,0,0,128,128,128,0,0,0,0,0,0,0
0,0,0,0,0,0,0,128,256,256,0,0,0,0,0,0,0,191,256,256,256,191,0,0,0,0,0,0
0,0,0,0,0,0,0,191,256,128,0,0,0,0,0,0,128,256,256,256,256,256,0,0,0,0,0,0
0,0,0,0,0,0,0,256,256,128,0,0,0,0,0,64,256,256,191,128,256,256,0,0,0,0,0,0
0,0,0,0,0,0,0,256,256,128,0,0,0,0,0,128,256,191,0,0,256,256,0,0,0,0,0,0
0,0,0,0,0,0,0,191,256,128,0,0,0,0,64,256,256,0,0,0,128,256,128,0,0,0,0,0
0,0,0,0,0,0,0,0,256,256,64,0,0,0,256,256,191,0,0,0,128,256,64,0,0,0,0,0
0,0,0,0,0,0,0,0,191,256,256,128,0,0,256,256,128,0,0,0,256,256,0,0,0,0,0,0
0,0,0,0,0,0,0,0,0,191,256,256,191,128,256,256,256,0,0,191,256,128,0,0,0,0,0,0
0,0,0,0,0,0,0,0,0,0,128,256,256,256,256,256,256,256,256,256,256,64,0,0,0,0,0,0
0,0,0,0,0,0,0,0,0,0,0,64,191,256,256,256,256,256,256,191,0,0,0,0,0,0,0,0
0,0,0,0,0,0,0,0,0,0,0,0,0,128,191,128,191,128,64,0,0,0,0,0,0,0,0,0
0,0,0,0,0,0,0,0,0,0,0,0,0,0,0,0,0,0,0,0,0,0,0,0,0,0,0,0
0,0,0,0,0,0,0,0,0,0,0,0,0,0,0,0,0,0,0,0,0,0,0,0,0,0,0,0
0,0,0,0,0,0,0,0,0,0,0,0,0,0,0,0,0,0,0,0,0,0,0,0,0,0,0,0
0,0,0,0,0,0,0,0,0,0,0,0,0,0,0,0,0,0,0,0,0,0,0,0,0,0,0,0
0,0,0,0,0,0,0,0,0,0,0,0,0,0,0,0,0,0,0,0,0,0,0,0,0,0,0,0
