0,0,0,0,0,0,0,0,0,0,0,0,0,0,0,0,0,0,0,0,0,0,0,0,0,0,0,0
0,0,0,0,0,0,0,0,0,0,0,0,0,0,0,0,0,0,0,0,0,0,0,0,0,0,0,0
0,0,0,0,0,0,0,0,0,0,0,0,0,0,0,0,0,0,0,0,0,0,0,0,0,0,0,0
0,0,0,0,0,0,0,0,0,0,0,0,0,0,0,0,0,0,0,0,0,0,0,0,0,0,0,0
0,0,0,0,0,0,0,0,0,0,0,0,0,0,0,0,0,0,0,0,0,0,0,0,0,0,0,0
0,0,0,0,0,0,0,0,0,0,0,0,0,0,0,256,198,0,0,0,0,0,0,0,0,0,0,0
0,0,0,0,0,0,0,0,57,256,86,0,0,0,0,256,256,86,0,0,0,0,0,0,0,0,0,0
0,0,0,0,0,0,0,0,86,256,226,0,0,0,57,256,256,57,0,0,0,0,0,0,0,0,0,0
0,0,0,0,0,0,0,0,57,256,170,0,0,0,0,256,256,0,0,0,0,0,0,0,0,0,0,0
0,0,0,0,0,0,0,0,86,256,170,0,0,0,29,256,256,0,0,0,0,0,0,0,0,0,0,0
0,0,0,0,0,0,0,0,86,256,170,0,0,0,57,256,256,0,0,0,0,0,0,0,0,0,0,0
0,0,0,0,0,0,0,0,0,256,170,0,0,0,0,256,256,0,0,0,0,0,0,0,0,0,0,0
0,0,0,0,0,0,0,0,0,256,256,0,0,0,0,256,256,0,0,0,0,0,0,0,0,0,0,0
0,0,0,0,0,0,0,0,0,256,256,0,0,0,0,256,256,0,0,0,0,0,0,0,0,0,0,0
0,0,0,0,0,0,0,0,0,256,256,0,0,0,0,256,256,170,170,170,170,198,170,29,0,0,0,0
0,0,0,0,0,0,0,0,0,198,256,114,86,170,170,256,256,256,256,256,256,170,170,29,0,0,0,0
0,0,0,0,0,0,0,0,0,29,256,256,256,256,256,256,256,141,57,86,0,0,0,0,0,0,0,0
0,0,0,0,0,0,0,0,0,0,57,170,198,256,170,256,256,86,0,0,0,0,0,0,0,0,0,0
0,0,0,0,0,0,0,0,0,0,0,0,0,0,0,170,256,198,0,0,0,0,0,0,0,0,0,0
0,0,0,0,0,0,0,0,0,0,0,0,0,0,0,57,226,256,29,0,0,0,0,0,0,0,0,0
0,0,0,0,0,0,0,0,0,0,0,0,0,0,0,0,170,256,114,0,0,0,0,0,0,0,0,0
0,0,0,0,0,0,0,0,0,0,0,0,0,0,0,0,114,256,226,0,0,0,0,0,0,0,0,0
0,0,0,0,0,0,0,0,0,0,0,0,0,0,0,0,29,226,256,57,0,0,0,0,0,0,0,0
0,0,0,0,0,0,0,0,0,0,0,0,0,0,0,0,0,170,256,86,0,0,0,0,0,0,0,0
0,0,0,0,0,0,0,0,0,0,0,0,0,0,0,0,0,86,198,86,0,0,0,0,0,0,0,0
0,0,0,0,0,0,0,0,0,0,0,0,0,0,0,0,0,0,0,0,0,0,0,0,0,0,0,0
0,0,0,0,0,0,0,0,0,0,0,0,0,0,0,0,0,0,0,0,0,0,0,0,0,0,0,0
0,0,0,0,0,0,0,0,0,0,0,0,0,0,0,0,0,0,0,0,0,0,0,0,0,0,0,0
