0,0,0,0,0,0,0,0,0,0,0,0,0,0,0,0,0,0,0,0,0,0,0,0,0,0,0,0
0,0,0,0,0,0,0,0,0,0,0,0,0,0,0,0,0,0,0,0,0,0,0,0,0,0,0,0
0,0,0,0,0,0,0,0,0,0,0,0,0,0,0,0,0,0,0,0,0,0,0,0,0,0,0,0
0,0,0,0,0,0,0,0,0,0,0,0,0,0,0,0,0,0,0,0,0,0,0,0,0,0,0,0
0,0,0,0,0,0,0,0,0,0,0,0,0,0,0,0,0,0,0,0,0,0,0,0,0,0,0,0
0,0,0,0,0,0,0,0,0,0,0,0,0,0,0,0,0,29,256,57,0,0,0,0,0,0,0,0
0,0,0,0,0,0,0,0,0,0,0,0,0,0,0,0,0,86,256,57,0,0,0,0,0,0,0,0
0,0,0,0,0,0,0,0,170,29,0,0,0,0,0,0,0,170,256,0,0,0,0,0,0,0,0,0
0,0,0,0,0,0,0,0,256,57,0,0,0,0,0,0,0,170,256,0,0,0,0,0,0,0,0,0
0,0,0,0,0,0,0,86,256,86,0,0,0,0,0,0,0,198,256,0,0,0,0,0,0,0,0,0
0,0,0,0,0,0,0,198,256,29,0,0,0,0,0,0,0,256,256,0,0,0,0,0,0,0,0,0
0,0,0,0,0,0,0,256,256,0,0,0,0,0,0,0,0,256,256,0,0,0,0,0,0,0,0,0
0,0,0,0,0,0,86,256,198,0,0,0,0,0,0,0,0,256,256,0,0,0,0,0,0,0,0,0
0,0,0,0,0,0,170,256,170,0,0,0,0,0,0,0,0,256,256,0,0,0,0,0,0,0,0,0
0,0,0,0,0,0,57,256,256,198,170,141,141,141,170,170,198,256,256,57,0,0,0,0,0,0,0,0
0,0,0,0,0,0,0,141,256,256,256,256,256,256,256,256,256,256,226,29,0,0,0,0,0,0,0,0
0,0,0,0,0,0,0,0,0,57,86,86,86,86,86,86,198,256,114,0,0,0,0,0,0,0,0,0
0,0,0,0,0,0,0,0,0,0,0,0,0,0,0,0,226,256,86,0,0,0,0,0,0,0,0,0
0,0,0,0,0,0,0,0,0,0,0,0,0,0,0,0,256,256,57,0,0,0,0,0,0,0,0,0
0,0,0,0,0,0,0,0,0,0,0,0,0,0,0,0,256,256,0,0,0,0,0,0,0,0,0,0
0,0,0,0,0,0,0,0,0,0,0,0,0,0,0,0,256,256,0,0,0,0,0,0,0,0,0,0
0,0,0,0,0,0,0,0,0,0,0,0,0,0,0,0,256,256,0,0,0,0,0,0,0,0,0,0
0,0,0,0,0,0,0,0,0,0,0,0,0,0,0,0,256,256,0,0,0,0,0,0,0,0,0,0
0,0,0,0,0,0,0,0,0,0,0,0,0,0,0,0,226,256,170,29,0,0,0,0,0,0,0,0
0,0,0,0,0,0,0,0,0,0,0,0,0,0,0,0,57,256,141,0,0,0,0,0,0,0,0,0
0,0,0,0,0,0,0,0,0,0,0,0,0,0,0,0,0,0,0,0,0,0,0,0,0,0,0,0
0,0,0,0,0,0,0,0,0,0,0,0,0,0,0,0,0,0,0,0,0,0,0,0,0,0,0,0
0,0,0,0,0,0,0,0,0,0,0,0,0,0,0,0,0,0,0,0,0,0,0,0,0,0,0,0
