0,0,0,0,0,0,0,0,0,0,0,0,0,0,0,0,0,0,0,0,0,0,0,0,0,0,0,0
0,0,0,0,0,0,0,0,0,0,0,0,0,0,0,0,0,0,0,0,0,0,0,0,0,0,0,0
0,0,0,0,0,0,0,0,0,0,0,0,0,0,0,0,0,0,0,0,0,0,0,0,0,0,0,0
0,0,0,0,0,0,0,0,0,0,0,0,0,0,0,0,0,0,0,0,0,0,0,0,0,0,0,0
0,0,0,0,0,0,0,0,0,0,0,0,0,0,0,0,0,57,256,0,0,0,0,0,0,0,0,0
0,0,0,0,0,0,0,0,0,0,0,0,0,0,0,0,0,57,256,0,0,0,0,0,0,0,0,0
0,0,0,0,0,0,0,0,0,0,0,0,0,0,0,0,0,170,256,0,0,0,0,0,0,0,0,0
0,0,0,0,0,0,0,0,0,0,0,0,0,0,0,0,0,170,256,0,0,0,0,0,0,0,0,0
0,0,0,0,0,0,0,0,0,0,0,0,0,0,0,0,0,256,256,0,0,0,0,0,0,0,0,0
0,0,0,0,0,0,0,0,0,29,198,141,0,0,0,0,0,256,170,0,0,0,0,0,0,0,0,0
0,0,0,0,0,0,0,0,114,256,170,29,0,0,0,0,57,256,114,0,0,0,0,0,0,0,0,0
0,0,0,0,0,0,0,141,256,226,0,0,0,0,0,0,198,256,57,0,0,0,0,0,0,0,0,0
0,0,0,0,0,0,86,256,226,0,0,0,0,0,0,0,256,256,29,0,0,0,0,0,0,0,0,0
0,0,0,0,0,0,226,256,141,0,0,0,0,0,0,0,256,256,0,0,0,0,0,0,0,0,0,0
0,0,0,0,0,0,256,256,256,256,256,226,170,170,141,256,256,256,86,0,29,0,0,0,0,0,0,0
0,0,0,0,0,0,86,198,256,256,256,256,256,256,256,256,256,256,226,226,226,114,0,0,0,0,0,0
0,0,0,0,0,0,0,29,86,0,114,29,170,141,141,198,256,226,0,57,57,0,0,0,0,0,0,0
0,0,0,0,0,0,0,0,0,0,0,0,0,0,0,256,256,114,0,0,0,0,0,0,0,0,0,0
0,0,0,0,0,0,0,0,0,0,0,0,0,0,0,256,256,86,0,0,0,0,0,0,0,0,0,0
0,0,0,0,0,0,0,0,0,0,0,0,0,0,0,256,256,86,0,0,0,0,0,0,0,0,0,0
0,0,0,0,0,0,0,0,0,0,0,0,0,0,0,256,256,86,0,0,0,0,0,0,0,0,0,0
0,0,0,0,0,0,0,0,0,0,0,0,0,0,29,256,256,29,0,0,0,0,0,0,0,0,0,0
0,0,0,0,0,0,0,0,0,0,0,0,0,0,86,256,256,0,0,0,0,0,0,0,0,0,0,0
0,0,0,0,0,0,0,0,0,0,0,0,0,0,0,256,170,0,0,0,0,0,0,0,0,0,0,0
0,0,0,0,0,0,0,0,0,0,0,0,0,0,0,0,0,0,0,0,0,0,0,0,0,0,0,0
0,0,0,0,0,0,0,0,0,0,0,0,0,0,0,0,0,0,0,0,0,0,0,0,0,0,0,0
0,0,0,0,0,0,0,0,0,0,0,0,0,0,0,0,0,0,0,0,0,0,0,0,0,0,0,0
0,0,0,0,0,0,0,0,0,0,0,0,0,0,0,0,0,0,0,0,0,0,0,0,0,0,0,0
