0,0,0,0,0,0,0,0,0,0,0,0,0,0,0,0,0,0,0,0,0,0,0,0,0,0,0,0
0,0,0,0,0,0,0,0,0,0,0,0,0,0,0,0,0,0,0,0,0,0,0,0,0,0,0,0
0,0,0,0,0,0,0,0,0,0,0,0,0,0,0,0,0,0,0,0,0,0,0,0,0,0,0,0
0,0,0,0,0,0,0,0,0,0,0,0,0,0,0,0,0,0,0,0,0,0,0,0,0,0,0,0
0,0,0,0,0,0,0,0,0,0,0,170,256,198,0,0,0,0,0,0,0,0,0,0,0,0,0,0
0,0,0,0,0,0,0,0,0,0,114,256,256,256,0,0,0,0,0,0,0,0,0,0,0,0,0,0
0,0,0,0,0,0,0,0,0,29,226,256,256,256,0,0,0,0,0,0,0,0,0,0,0,0,0,0
0,0,0,0,0,0,0,0,0,114,256,198,256,256,0,0,0,0,0,0,0,0,0,0,0,0,0,0
0,0,0,0,0,0,0,0,0,141,198,86,256,226,0,0,0,0,0,0,0,0,0,0,0,0,0,0
0,0,0,0,0,0,0,0,0,114,198,170,256,170,0,0,0,0,0,0,0,0,0,0,0,0,0,0
0,0,0,0,0,0,0,0,0,170,170,226,256,170,0,0,0,0,0,0,0,0,0,0,0,0,0,0
0,0,0,0,0,0,0,0,0,29,86,256,256,57,0,0,0,0,198,114,0,0,0,0,0,0,0,0
0,0,0,0,0,0,0,0,0,0,170,256,226,0,0,0,0,0,256,256,29,0,0,0,0,0,0,0
0,0,0,0,0,0,0,0,0,0,256,256,170,0,0,0,0,0,198,256,86,0,0,0,0,0,0,0
0,0,0,0,0,0,0,0,0,57,256,256,86,0,0,0,0,0,256,256,86,0,0,0,0,0,0,0
0,0,0,0,0,0,0,0,0,57,256,256,57,0,0,0,0,86,256,256,0,0,0,0,0,0,0,0
0,0,0,0,0,0,0,0,0,86,256,256,0,0,29,86,170,226,256,256,0,0,0,0,0,0,0,0
0,0,0,0,0,0,0,0,0,86,256,256,114,198,256,256,256,256,256,170,0,0,0,0,0,0,0,0
0,0,0,0,0,0,0,0,0,86,256,256,256,256,256,256,198,226,256,170,0,0,0,0,0,0,0,0
0,0,0,0,0,0,0,0,0,0,170,256,256,226,114,0,0,170,256,170,0,0,0,0,0,0,0,0
0,0,0,0,0,0,0,0,0,0,0,0,0,0,0,0,0,114,256,226,0,0,0,0,0,0,0,0
0,0,0,0,0,0,0,0,0,0,0,0,0,0,0,0,0,170,256,256,57,0,0,0,0,0,0,0
0,0,0,0,0,0,0,0,0,0,0,0,0,0,0,0,0,141,256,256,29,0,0,0,0,0,0,0
0,0,0,0,0,0,0,0,0,0,0,0,0,0,0,0,0,29,256,170,0,0,0,0,0,0,0,0
0,0,0,0,0,0,0,0,0,0,0,0,0,0,0,0,0,0,0,0,0,0,0,0,0,0,0,0
0,0,0,0,0,0,0,0,0,0,0,0,0,0,0,0,0,0,0,0,0,0,0,0,0,0,0,0
0,0,0,0,0,0,0,0,0,0,0,0,0,0,0,0,0,0,0,0,0,0,0,0,0,0,0,0
0,0,0,0,0,0,0,0,0,0,0,0,0,0,0,0,0,0,0,0,0,0,0,0,0,0,0,0
