0,0,0,0,0,0,0,0,0,0,0,0,0,0,0,0,0,0,0,0,0,0,0,0,0,0,0,0
0,0,0,0,0,0,0,0,0,0,0,0,0,0,0,0,0,0,0,0,0,0,0,0,0,0,0,0
0,0,0,0,0,0,0,0,0,0,0,0,0,0,0,0,0,0,0,0,0,0,0,0,0,0,0,0
0,0,0,0,0,0,0,0,0,0,0,0,0,0,0,0,0,0,0,0,0,0,0,0,0,0,0,0
0,0,0,0,0,0,0,0,0,0,0,0,0,0,0,0,0,0,0,0,0,0,0,0,0,0,0,0
0,0,0,0,0,0,0,0,0,0,0,0,0,0,0,0,170,86,0,0,0,0,0,0,0,0,0,0
0,0,0,0,0,0,0,0,0,0,0,29,0,0,0,0,170,86,0,0,0,0,0,0,0,0,0,0
0,0,0,0,0,0,0,0,0,0,86,256,0,0,0,0,170,86,0,0,0,0,0,0,0,0,0,0
0,0,0,0,0,0,0,0,0,0,170,256,0,0,0,0,198,86,0,0,0,0,0,0,0,0,0,0
0,0,0,0,0,0,0,0,0,0,170,141,0,0,0,0,256,170,0,0,0,0,0,0,0,0,0,0
0,0,0,0,0,0,0,0,0,29,256,86,0,0,0,0,198,170,0,0,0,0,0,0,0,0,0,0
0,0,0,0,0,0,0,0,0,141,226,0,0,0,0,0,170,226,0,0,0,0,0,0,0,0,0,0
0,0,0,0,0,0,0,0,0,170,170,0,0,0,0,0,170,256,29,0,0,0,0,0,0,0,0,0
0,0,0,0,0,0,0,0,0,256,170,0,0,0,0,0,141,256,86,0,0,0,0,0,0,0,0,0
0,0,0,0,0,0,0,0,0,256,86,0,0,0,0,0,114,256,198,29,0,0,0,0,0,0,0,0
0,0,0,0,0,0,0,0,86,256,86,0,0,0,86,226,256,256,141,0,0,0,0,0,0,0,0,0
0,0,0,0,0,0,0,0,86,256,86,0,57,226,256,141,114,256,86,0,0,0,0,0,0,0,0,0
0,0,0,0,0,0,0,0,0,226,256,256,226,114,29,0,86,256,29,0,0,0,0,0,0,0,0,0
0,0,0,0,0,0,0,0,0,0,86,86,0,0,0,0,141,256,0,0,0,0,0,0,0,0,0,0
0,0,0,0,0,0,0,0,0,0,0,0,0,0,0,0,170,256,0,0,0,0,0,0,0,0,0,0
0,0,0,0,0,0,0,0,0,0,0,0,0,0,0,0,170,226,0,0,0,0,0,0,0,0,0,0
0,0,0,0,0,0,0,0,0,0,0,0,0,0,0,0,170,170,0,0,0,0,0,0,0,0,0,0
0,0,0,0,0,0,0,0,0,0,0,0,0,0,0,0,170,170,0,0,0,0,0,0,0,0,0,0
0,0,0,0,0,0,0,0,0,0,0,0,0,0,0,0,170,170,0,0,0,0,0,0,0,0,0,0
0,0,0,0,0,0,0,0,0,0,0,0,0,0,0,0,226,114,0,0,0,0,0,0,0,0,0,0
0,0,0,0,0,0,0,0,0,0,0,0,0,0,0,0,0,0,0,0,0,0,0,0,0,0,0,0
0,0,0,0,0,0,0,0,0,0,0,0,0,0,0,0,0,0,0,0,0,0,0,0,0,0,0,0
0,0,0,0,0,0,0,0,0,0,0,0,0,0,0,0,0,0,0,0,0,0,0,0,0,0,0,0
