0,0,0,0,0,0,0,0,0,0,0,0,0,0,0,0,0,0,0,0,0,0,0,0,0,0,0,0
0,0,0,0,0,0,0,0,0,0,0,0,0,0,0,0,0,0,0,0,0,0,0,0,0,0,0,0
0,0,0,0,0,0,0,0,0,0,0,0,0,0,0,0,0,0,0,0,0,0,0,0,0,0,0,0
0,0,0,0,0,0,0,0,0,0,0,0,0,0,0,0,0,0,0,0,0,0,0,0,0,0,0,0
0,0,0,0,0,0,0,0,0,0,0,0,0,0,0,0,0,0,0,0,0,0,0,0,0,0,0,0
0,0,0,0,0,0,0,0,0,0,0,0,0,0,0,0,0,0,0,0,226,198,29,0,0,0,0,0
0,0,0,0,0,0,0,0,0,0,0,0,0,0,0,0,0,0,0,114,256,114,0,0,0,0,0,0
0,0,0,0,0,0,0,0,0,0,0,0,0,0,0,0,0,0,0,256,256,0,0,0,0,0,0,0
0,0,0,0,0,0,0,0,0,0,0,0,0,0,0,0,0,0,114,256,198,0,0,0,0,0,0,0
0,0,0,0,0,0,0,0,0,0,57,170,29,0,0,0,0,0,226,256,57,0,0,0,0,0,0,0
0,0,0,0,0,0,0,0,0,86,256,256,57,0,0,0,0,57,256,256,0,0,0,0,0,0,0,0
0,0,0,0,0,0,0,0,57,256,256,114,0,0,0,0,86,226,256,170,0,0,0,0,0,0,0,0
0,0,0,0,0,0,0,57,256,256,226,0,0,0,0,0,170,256,256,86,0,0,0,0,0,0,0,0
0,0,0,0,0,0,0,86,256,256,0,0,0,0,0,0,198,256,170,0,0,0,0,0,0,0,0,0
0,0,0,0,0,0,0,57,256,256,86,0,0,0,0,29,256,256,0,0,0,0,0,0,0,0,0,0
0,0,0,0,0,0,0,0,226,256,256,256,198,170,86,226,256,141,0,0,0,0,0,0,0,0,0,0
0,0,0,0,0,0,0,0,29,114,226,256,256,256,256,256,256,226,141,0,0,0,0,0,0,0,0,0
0,0,0,0,0,0,0,0,0,0,0,57,86,198,256,256,170,170,86,0,0,0,0,0,0,0,0,0
0,0,0,0,0,0,0,0,0,0,0,0,0,170,256,170,0,0,0,0,0,0,0,0,0,0,0,0
0,0,0,0,0,0,0,0,0,0,0,0,0,256,256,0,0,0,0,0,0,0,0,0,0,0,0,0
0,0,0,0,0,0,0,0,0,0,0,0,114,256,86,0,0,0,0,0,0,0,0,0,0,0,0,0
0,0,0,0,0,0,0,0,0,0,0,0,226,198,0,0,0,0,0,0,0,0,0,0,0,0,0,0
0,0,0,0,0,0,0,0,0,0,0,114,256,29,0,0,0,0,0,0,0,0,0,0,0,0,0,0
0,0,0,0,0,0,0,0,0,0,0,256,141,0,0,0,0,0,0,0,0,0,0,0,0,0,0,0
0,0,0,0,0,0,0,0,0,0,86,226,0,0,0,0,0,0,0,0,0,0,0,0,0,0,0,0
0,0,0,0,0,0,0,0,0,0,0,0,0,0,0,0,0,0,0,0,0,0,0,0,0,0,0,0
0,0,0,0,0,0,0,0,0,0,0,0,0,0,0,0,0,0,0,0,0,0,0,0,0,0,0,0
0,0,0,0,0,0,0,0,0,0,0,0,0,0,0,0,0,0,0,0,0,0,0,0,0,0,0,0
