0,0,0,0,0,0,0,0,0,0,0,0,0,0,0,0,0,0,0,0,0,0,0,0,0,0,0,0
0,0,0,0,0,0,0,0,0,0,0,0,0,0,0,0,0,0,0,0,0,0,0,0,0,0,0,0
0,0,0,0,0,0,0,0,0,0,0,0,0,0,0,0,0,0,0,0,0,0,0,0,0,0,0,0
0,0,0,0,0,0,0,0,0,0,0,0,0,0,0,0,0,0,0,0,0,0,0,0,0,0,0,0
0,0,0,0,0,0,0,0,0,0,0,0,0,0,0,0,0,0,0,0,0,170,170,0,0,0,0,0
0,0,0,0,0,0,0,0,0,0,0,0,0,0,0,0,0,0,0,0,86,256,170,0,0,0,0,0
0,0,0,0,0,0,0,0,0,0,0,0,0,0,0,0,0,0,0,0,141,256,141,0,0,0,0,0
0,0,0,0,0,0,0,0,0,0,0,0,0,0,0,0,0,0,0,57,256,226,29,0,0,0,0,0
0,0,0,0,0,0,0,0,0,0,0,0,0,0,0,0,0,0,0,226,256,141,0,0,0,0,0,0
0,0,0,0,0,0,0,0,0,0,0,0,0,0,0,0,0,0,114,256,226,29,0,0,0,0,0,0
0,0,0,0,0,0,0,0,0,0,86,141,0,0,0,0,0,57,256,256,141,0,0,0,0,0,0,0
0,0,0,0,0,0,0,0,0,29,226,256,57,0,0,0,0,170,256,198,0,0,0,0,0,0,0,0
0,0,0,0,0,0,0,0,0,170,256,170,0,0,0,0,114,256,256,86,0,0,0,0,0,0,0,0
0,0,0,0,0,0,0,0,170,256,198,29,0,0,0,57,256,256,141,0,0,0,0,0,0,0,0,0
0,0,0,0,0,0,0,114,256,256,57,0,0,0,0,198,256,198,0,0,0,0,0,0,0,0,0,0
0,0,0,0,0,0,0,198,256,141,0,0,0,0,114,256,256,170,0,0,0,0,0,0,0,0,0,0
0,0,0,0,0,0,0,226,256,198,86,86,0,57,226,256,256,170,0,0,0,0,0,0,0,0,0,0
0,0,0,0,0,0,0,57,256,256,256,256,256,256,256,256,226,29,0,0,0,0,0,0,0,0,0,0
0,0,0,0,0,0,0,0,86,170,256,256,256,256,256,114,0,0,0,0,0,0,0,0,0,0,0,0
0,0,0,0,0,0,0,0,0,0,0,0,141,256,141,0,0,0,0,0,0,0,0,0,0,0,0,0
0,0,0,0,0,0,0,0,0,0,0,29,256,226,29,0,0,0,0,0,0,0,0,0,0,0,0,0
0,0,0,0,0,0,0,0,0,0,0,141,256,141,0,0,0,0,0,0,0,0,0,0,0,0,0,0
0,0,0,0,0,0,0,0,0,0,57,256,198,0,0,0,0,0,0,0,0,0,0,0,0,0,0,0
0,0,0,0,0,0,0,0,0,0,86,226,86,0,0,0,0,0,0,0,0,0,0,0,0,0,0,0
0,0,0,0,0,0,0,0,0,0,0,0,0,0,0,0,0,0,0,0,0,0,0,0,0,0,0,0
0,0,0,0,0,0,0,0,0,0,0,0,0,0,0,0,0,0,0,0,0,0,0,0,0,0,0,0
0,0,0,0,0,0,0,0,0,0,0,0,0,0,0,0,0,0,0,0,0,0,0,0,0,0,0,0
0,0,0,0,0,0,0,0,0,0,0,0,0,0,0,0,0,0,0,0,0,0,0,0,0,0,0,0
