0,0,0,0,0,0,0,0,0,0,0,0,0,0,0,0,0,0,0,0,0,0,0,0,0,0,0,0
0,0,0,0,0,0,0,0,0,0,0,0,0,0,0,0,0,0,0,0,0,0,0,0,0,0,0,0
0,0,0,0,0,0,0,0,0,0,0,0,0,0,0,0,0,0,0,0,0,0,0,0,0,0,0,0
0,0,0,0,0,0,0,0,0,0,0,0,0,0,0,0,0,0,0,0,0,0,0,0,0,0,0,0
0,0,0,0,0,0,0,0,0,0,0,0,0,0,0,0,0,0,0,0,0,0,0,0,0,0,0,0
0,0,0,0,0,0,0,0,0,0,0,0,0,29,29,0,0,0,0,198,170,0,0,0,0,0,0,0
0,0,0,0,0,0,0,0,0,0,0,0,57,198,226,0,0,0,0,256,256,29,0,0,0,0,0,0
0,0,0,0,0,0,0,0,0,0,0,0,170,256,170,0,0,0,86,256,256,0,0,0,0,0,0,0
0,0,0,0,0,0,0,0,0,0,0,86,256,226,29,0,0,0,170,256,198,0,0,0,0,0,0,0
0,0,0,0,0,0,0,0,0,0,0,198,256,141,0,0,0,29,256,256,86,0,0,0,0,0,0,0
0,0,0,0,0,0,0,0,0,29,170,256,198,0,0,0,0,141,256,256,29,0,0,0,0,0,0,0
0,0,0,0,0,0,0,0,0,170,256,226,29,0,0,0,0,170,256,198,0,0,0,0,0,0,0,0
0,0,0,0,0,0,0,0,0,170,226,86,0,0,0,0,29,256,256,86,0,0,0,0,0,0,0,0
0,0,0,0,0,0,0,0,114,256,170,0,0,0,0,0,114,256,226,0,0,0,0,0,0,0,0,0
0,0,0,0,0,0,0,0,170,86,0,0,0,0,0,0,198,256,114,0,0,0,0,0,0,0,0,0
0,0,0,0,0,0,0,0,141,170,86,170,226,256,256,256,256,256,226,57,0,29,0,0,0,0,0,0
0,0,0,0,0,0,0,0,114,256,256,256,256,256,256,256,256,226,57,0,0,0,0,0,0,0,0,0
0,0,0,0,0,0,0,0,0,57,170,198,170,198,170,256,256,86,0,0,0,0,0,0,0,0,0,0
0,0,0,0,0,0,0,0,0,0,0,0,0,0,29,256,226,0,0,0,0,0,0,0,0,0,0,0
0,0,0,0,0,0,0,0,0,0,0,0,0,226,256,256,114,0,0,29,0,0,0,0,0,0,0,0
0,0,0,0,0,0,0,0,0,0,0,0,0,170,256,170,0,0,0,0,0,0,0,0,0,0,0,0
0,0,0,0,0,0,0,0,0,0,0,0,0,256,256,29,0,0,0,0,0,0,0,0,0,0,0,0
0,0,0,0,0,0,0,0,0,0,0,0,114,256,114,0,0,0,0,0,0,0,0,0,0,0,0,0
0,0,0,0,0,0,0,0,0,0,0,0,256,226,29,0,0,0,0,0,0,0,0,0,0,0,0,0
0,0,0,0,0,0,0,0,0,0,0,0,198,57,0,0,0,0,0,0,0,0,0,0,0,0,0,0
0,0,0,0,0,0,0,0,0,0,0,0,0,0,0,0,0,0,0,0,0,0,0,0,0,0,0,0
0,0,0,0,0,0,0,0,0,0,0,0,0,0,0,0,0,0,0,0,0,0,0,0,0,0,0,0
0,0,0,0,0,0,0,0,0,0,0,0,0,0,0,0,0,0,0,0,0,0,0,0,0,0,0,0
