0,0,0,0,0,0,0,0,0,0,0,0,0,0,0,0,0,0,0,0,0,0,0,0,0,0,0,0
0,0,0,0,0,0,0,0,0,0,0,0,0,0,0,0,0,0,0,0,0,0,0,0,0,0,0,0
0,0,0,0,0,0,0,0,0,0,0,0,0,0,0,0,0,0,0,0,0,0,0,0,0,0,0,0
0,0,0,0,0,0,0,0,0,0,0,0,0,0,0,0,0,0,0,0,0,0,0,0,0,0,0,0
0,0,0,0,0,0,0,0,0,0,0,0,0,0,0,0,0,0,0,0,0,0,0,0,0,0,0,0
0,0,0,0,0,0,0,0,0,0,0,0,0,57,141,256,256,86,0,0,0,0,0,0,0,0,0,0
0,0,0,0,0,0,0,0,0,0,0,57,141,226,256,256,256,86,0,0,0,0,0,0,0,0,0,0
0,0,0,0,0,0,0,0,0,0,0,226,256,256,226,198,256,86,0,0,0,0,0,0,0,0,0,0
0,0,0,0,0,0,0,0,0,0,170,256,256,141,57,170,256,114,0,0,0,0,0,0,0,0,0,0
0,0,0,0,0,0,0,0,0,29,256,256,226,29,0,170,256,141,0,0,0,0,0,0,0,0,0,0
0,0,0,0,0,0,0,0,0,170,256,256,86,0,0,170,256,170,0,0,0,0,0,0,0,0,0,0
0,0,0,0,0,0,0,0,86,256,256,170,0,0,0,170,256,198,0,0,0,0,0,0,0,0,0,0
0,0,0,0,0,0,0,0,198,256,256,29,0,0,0,170,256,256,0,0,0,0,0,0,0,0,0,0
0,0,0,0,0,0,0,86,256,256,114,0,0,0,0,170,256,170,0,0,0,0,0,0,0,0,0,0
0,0,0,0,0,0,0,198,256,256,29,0,0,0,0,170,256,170,0,198,198,29,0,0,0,0,0,0
0,0,0,0,0,0,86,256,256,256,170,114,86,86,114,226,256,226,170,226,256,86,0,0,0,0,0,0
0,0,0,0,0,0,170,256,256,256,256,256,256,256,256,256,256,256,256,198,141,0,0,0,0,0,0,0
0,0,0,0,0,0,114,256,198,86,86,86,86,86,86,198,256,198,0,0,0,0,0,0,0,0,0,0
0,0,0,0,0,0,0,0,0,0,0,0,0,0,0,170,256,170,0,0,0,0,0,0,0,0,0,0
0,0,0,0,0,0,0,0,0,0,0,0,0,0,0,226,256,141,0,0,0,0,0,0,0,0,0,0
0,0,0,0,0,0,0,0,0,0,0,0,0,0,0,256,256,86,0,0,0,0,0,0,0,0,0,0
0,0,0,0,0,0,0,0,0,0,0,0,0,0,86,256,256,86,0,0,0,0,0,0,0,0,0,0
0,0,0,0,0,0,0,0,0,0,0,0,0,0,141,256,256,86,0,0,0,0,0,0,0,0,0,0
0,0,0,0,0,0,0,0,0,0,0,0,0,0,57,256,256,86,0,0,0,0,0,0,0,0,0,0
0,0,0,0,0,0,0,0,0,0,0,0,0,0,0,198,226,57,0,0,0,0,0,0,0,0,0,0
0,0,0,0,0,0,0,0,0,0,0,0,0,0,0,0,0,0,0,0,0,0,0,0,0,0,0,0
0,0,0,0,0,0,0,0,0,0,0,0,0,0,0,0,0,0,0,0,0,0,0,0,0,0,0,0
0,0,0,0,0,0,0,0,0,0,0,0,0,0,0,0,0,0,0,0,0,0,0,0,0,0,0,0
