0,0,0,0,0,0,0,0,0,0,0,0,0,0,0,0,0,0,0,0,0,0,0,0,0,0,0,0
0,0,0,0,0,0,0,0,0,0,0,0,0,0,0,0,0,0,0,0,0,0,0,0,0,0,0,0
0,0,0,0,0,0,0,0,0,0,0,0,0,0,0,0,0,0,0,0,0,0,0,0,0,0,0,0
0,0,0,0,0,0,0,0,0,0,0,0,0,0,0,0,0,0,0,0,0,0,0,0,0,0,0,0
0,0,0,0,0,0,0,0,0,0,0,0,0,0,0,0,0,0,0,0,29,226,256,57,0,0,0,0
0,0,0,0,0,0,0,0,0,0,0,0,0,0,0,0,0,0,0,0,198,256,256,198,0,0,0,0
0,0,0,0,0,0,0,0,0,0,0,0,0,0,0,0,0,0,0,141,256,256,256,114,0,0,0,0
0,0,0,0,0,0,0,0,0,0,0,0,0,0,0,0,0,0,86,256,256,256,170,29,0,0,0,0
0,0,0,0,0,0,0,0,0,0,0,0,0,0,0,0,0,0,198,256,256,256,57,0,0,0,0,0
0,0,0,0,0,0,0,0,0,0,0,0,0,0,0,0,0,141,256,256,256,170,0,0,0,0,0,0
0,0,0,0,0,0,0,0,0,141,198,114,0,0,0,0,29,256,256,256,226,29,0,0,0,0,0,0
0,0,0,0,0,0,0,29,198,256,256,256,0,0,0,0,170,256,256,256,86,0,0,0,0,0,0,0
0,0,0,0,0,0,29,226,256,256,256,114,0,0,0,29,256,256,256,226,0,0,0,0,0,0,0,0
0,0,0,0,0,57,226,256,256,256,226,86,86,86,0,198,256,256,256,170,57,29,0,0,0,0,0,0
0,0,0,0,29,226,256,256,256,256,256,256,256,256,256,256,256,256,256,256,256,170,0,0,0,0,0,0
0,0,0,0,198,256,256,256,256,256,256,256,256,256,256,256,256,256,256,256,256,256,29,0,0,0,0,0
0,0,0,0,226,256,256,256,198,170,141,114,170,256,256,256,256,198,170,170,141,29,0,0,0,0,0,0
0,0,0,0,57,170,141,29,0,0,0,0,141,256,256,256,170,0,0,0,0,0,0,0,0,0,0,0
0,0,0,0,0,0,0,0,0,0,0,57,256,256,256,256,29,0,0,0,0,0,0,0,0,0,0,0
0,0,0,0,0,0,0,0,0,0,0,170,256,256,256,114,0,0,0,0,0,0,0,0,0,0,0,0
0,0,0,0,0,0,0,0,0,0,114,256,256,256,226,0,0,0,0,0,0,0,0,0,0,0,0,0
0,0,0,0,0,0,0,0,0,0,198,256,256,256,114,0,0,0,0,0,0,0,0,0,0,0,0,0
0,0,0,0,0,0,0,0,0,0,226,256,256,226,29,0,0,0,0,0,0,0,0,0,0,0,0,0
0,0,0,0,0,0,0,0,0,0,29,141,141,29,0,0,0,0,0,0,0,0,0,0,0,0,0,0
0,0,0,0,0,0,0,0,0,0,0,0,0,0,0,0,0,0,0,0,0,0,0,0,0,0,0,0
0,0,0,0,0,0,0,0,0,0,0,0,0,0,0,0,0,0,0,0,0,0,0,0,0,0,0,0
0,0,0,0,0,0,0,0,0,0,0,0,0,0,0,0,0,0,0,0,0,0,0,0,0,0,0,0
0,0,0,0,0,0,0,0,0,0,0,0,0,0,0,0,0,0,0,0,0,0,0,0,0,0,0,0
