0,0,0,0,0,0,0,0,0,0,0,0,0,0,0,0,0,0,0,0,0,0,0,0,0,0,0,0
0,0,0,0,0,0,0,0,0,0,0,0,0,0,0,0,0,0,0,0,0,0,0,0,0,0,0,0
0,0,0,0,0,0,0,0,0,0,0,0,0,0,0,0,0,0,0,0,0,0,0,0,0,0,0,0
0,0,0,0,0,0,0,0,0,0,0,0,0,0,0,0,0,0,0,0,0,0,0,0,0,0,0,0
0,0,0,0,0,0,0,0,0,0,0,0,0,0,0,0,0,0,0,0,0,0,0,0,0,0,0,0
0,0,0,0,0,0,0,0,0,0,0,0,0,0,0,0,0,0,0,57,256,170,0,0,0,0,0,0
0,0,0,0,0,0,0,0,0,0,0,0,0,0,0,0,0,0,0,198,256,256,86,0,0,0,0,0
0,0,0,0,0,0,0,0,0,0,0,0,57,226,141,29,0,0,141,256,256,256,86,0,0,0,0,0
0,0,0,0,0,0,0,0,0,0,0,0,198,256,256,86,0,29,226,256,256,170,0,0,0,0,0,0
0,0,0,0,0,0,0,0,0,0,0,141,256,256,256,57,0,170,256,256,256,57,0,0,0,0,0,0
0,0,0,0,0,0,0,0,0,0,57,256,256,256,141,0,29,256,256,256,86,0,0,0,0,0,0,0
0,0,0,0,0,0,0,0,0,0,198,256,256,226,0,0,170,256,256,226,0,0,0,0,0,0,0,0
0,0,0,0,0,0,0,0,0,86,256,256,256,57,0,86,256,256,256,57,0,0,0,0,0,0,0,0
0,0,0,0,0,0,0,0,0,198,256,256,114,0,0,198,256,256,198,0,0,0,0,0,0,0,0,0
0,0,0,0,0,0,0,0,170,256,256,256,86,141,198,256,256,256,256,198,0,0,0,0,0,0,0,0
0,0,0,0,0,0,0,141,256,256,256,256,256,256,256,256,256,256,256,256,86,0,0,0,0,0,0,0
0,0,0,0,0,0,0,170,256,256,256,256,256,256,256,256,256,256,256,256,57,0,0,0,0,0,0,0
0,0,0,0,0,0,0,0,198,256,256,256,256,256,256,256,170,0,0,0,0,0,0,0,0,0,0,0
0,0,0,0,0,0,0,0,0,0,0,0,170,256,256,256,29,0,0,0,0,0,0,0,0,0,0,0
0,0,0,0,0,0,0,0,0,0,0,57,256,256,256,114,0,0,0,0,0,0,0,0,0,0,0,0
0,0,0,0,0,0,0,0,0,0,0,170,256,256,226,29,0,0,0,0,0,0,0,0,0,0,0,0
0,0,0,0,0,0,0,0,0,0,29,256,256,256,86,0,0,0,0,0,0,0,0,0,0,0,0,0
0,0,0,0,0,0,0,0,0,0,170,256,256,256,141,0,0,0,0,0,0,0,0,0,0,0,0,0
0,0,0,0,0,0,0,0,0,0,170,256,256,256,86,0,0,0,0,0,0,0,0,0,0,0,0,0
0,0,0,0,0,0,0,0,0,0,86,226,198,57,0,0,0,0,0,0,0,0,0,0,0,0,0,0
0,0,0,0,0,0,0,0,0,0,0,0,0,0,0,0,0,0,0,0,0,0,0,0,0,0,0,0
0,0,0,0,0,0,0,0,0,0,0,0,0,0,0,0,0,0,0,0,0,0,0,0,0,0,0,0
0,0,0,0,0,0,0,0,0,0,0,0,0,0,0,0,0,0,0,0,0,0,0,0,0,0,0,0
