0,0,0,0,0,0,0,0,0,0,0,0,0,0,0,0,0,0,0,0,0,0,0,0,0,0,0,0
0,0,0,0,0,0,0,0,0,0,0,0,0,0,0,0,0,0,0,0,0,0,0,0,0,0,0,0
0,0,0,0,0,0,0,0,0,0,0,0,0,0,0,0,0,0,0,0,0,0,0,0,0,0,0,0
0,0,0,0,0,0,0,0,0,0,0,0,0,0,0,0,0,0,0,0,0,0,0,0,0,0,0,0
0,0,0,0,0,0,0,0,0,0,0,0,0,0,0,0,0,0,0,0,0,0,0,0,0,0,0,0
0,0,0,0,0,0,0,0,0,0,0,0,0,0,0,0,0,0,0,86,256,57,0,0,0,0,0,0
0,0,0,0,0,0,0,0,0,0,0,0,0,0,0,0,0,0,0,170,256,141,0,0,0,0,0,0
0,0,0,0,0,0,0,0,0,0,0,0,0,0,0,0,0,0,0,170,256,198,0,0,0,0,0,0
0,0,0,0,0,0,0,0,0,0,86,170,29,0,0,0,0,0,0,29,226,226,0,0,0,0,0,0
0,0,0,0,0,0,0,0,0,0,170,256,86,0,0,0,0,0,0,86,256,256,29,0,0,0,0,0
0,0,0,0,0,0,0,0,0,0,256,256,86,0,0,0,0,0,86,256,256,114,0,0,0,0,0,0
0,0,0,0,0,0,0,0,0,29,256,256,86,0,0,0,0,0,170,256,256,29,0,0,0,0,0,0
0,0,0,0,0,0,0,0,0,170,256,256,0,0,0,57,86,86,256,256,141,0,0,0,0,0,0,0
0,0,0,0,0,0,0,0,29,226,256,114,0,86,198,256,256,256,256,256,57,0,0,0,0,0,0,0
0,0,0,0,0,0,0,0,170,256,256,198,226,256,256,256,256,256,256,198,0,0,0,0,0,0,0,0
0,0,0,0,0,0,0,0,256,256,256,256,256,256,198,114,256,256,256,86,0,0,0,0,0,0,0,0
0,0,0,0,0,0,0,86,256,256,256,256,226,114,0,141,256,256,226,0,0,0,0,0,0,0,0,0
0,0,0,0,0,0,0,0,226,256,256,114,0,0,0,226,256,256,57,0,0,0,0,0,0,0,0,0
0,0,0,0,0,0,0,0,57,86,0,0,0,0,141,256,256,170,0,0,0,0,0,0,0,0,0,0
0,0,0,0,0,0,0,0,0,0,0,0,0,29,226,256,226,29,0,0,0,0,0,0,0,0,0,0
0,0,0,0,0,0,0,0,0,0,0,0,0,198,256,256,57,0,0,0,0,0,0,0,0,0,0,0
0,0,0,0,0,0,0,0,0,0,0,0,57,256,256,170,0,0,0,0,0,0,0,0,0,0,0,0
0,0,0,0,0,0,0,0,0,0,0,0,170,256,226,29,0,0,0,0,0,0,0,0,0,0,0,0
0,0,0,0,0,0,0,0,0,0,0,0,170,256,141,0,0,0,0,0,0,0,0,0,0,0,0,0
0,0,0,0,0,0,0,0,0,0,0,0,170,170,0,0,0,0,0,0,0,0,0,0,0,0,0,0
0,0,0,0,0,0,0,0,0,0,0,0,0,0,0,0,0,0,0,0,0,0,0,0,0,0,0,0
0,0,0,0,0,0,0,0,0,0,0,0,0,0,0,0,0,0,0,0,0,0,0,0,0,0,0,0
0,0,0,0,0,0,0,0,0,0,0,0,0,0,0,0,0,0,0,0,0,0,0,0,0,0,0,0
