0,0,0,0,0,0,0,0,0,0,0,0,0,0,0,0,0,0,0,0,0,0,0,0,0,0,0,0
0,0,0,0,0,0,0,0,0,0,0,0,0,0,0,0,0,0,0,0,0,0,0,0,0,0,0,0
0,0,0,0,0,0,0,0,0,0,0,0,0,0,0,0,0,0,0,0,0,0,0,0,0,0,0,0
0,0,0,0,0,0,0,0,0,0,0,0,0,0,0,0,0,0,0,0,0,0,0,0,0,0,0,0
0,0,0,0,0,0,0,0,0,0,0,0,0,0,0,0,0,0,0,0,0,0,0,0,0,0,0,0
0,0,0,0,0,0,0,0,0,0,0,0,0,0,0,0,0,0,0,0,0,198,226,0,0,0,0,0
0,0,0,0,0,0,0,0,0,0,0,0,0,0,0,0,29,0,0,0,86,256,198,0,0,0,0,0
0,0,0,0,0,0,0,0,0,0,0,0,0,0,0,226,256,0,0,0,256,256,29,0,0,0,0,0
0,0,0,0,0,0,0,0,0,0,0,0,0,0,170,256,226,0,0,114,256,170,0,0,0,0,0,0
0,0,0,0,0,0,0,0,0,0,0,0,0,29,256,256,29,0,29,256,256,29,0,0,0,0,0,0
0,0,0,0,0,0,0,0,0,0,0,0,0,226,256,198,0,0,226,256,114,0,0,0,0,0,0,0
0,0,0,0,0,0,0,0,0,0,0,0,141,256,226,29,0,29,256,256,0,0,0,0,0,0,0,0
0,0,0,0,0,0,0,0,0,0,0,29,256,256,29,0,0,141,256,141,0,0,0,0,0,0,0,0
0,0,0,0,0,0,0,0,0,0,29,256,256,86,0,0,0,256,256,29,0,0,0,0,0,0,0,0
0,0,0,0,0,0,0,0,0,0,226,256,170,0,0,0,141,256,226,0,0,0,0,0,0,0,0,0
0,0,0,0,0,0,0,0,0,198,256,170,0,0,57,170,256,256,256,226,0,0,0,0,0,0,0,0
0,0,0,0,0,0,0,0,198,256,256,170,198,256,256,256,256,226,198,226,0,0,0,0,0,0,0,0
0,0,0,0,0,0,0,141,256,256,256,256,256,170,114,256,256,29,0,0,0,0,0,0,0,0,0,0
0,0,0,0,0,0,0,256,256,256,198,141,0,0,114,256,141,0,0,0,0,0,0,0,0,0,0,0
0,0,0,0,0,0,0,256,141,0,0,0,0,29,256,256,0,0,0,0,0,0,0,0,0,0,0,0
0,0,0,0,0,0,0,0,0,0,0,0,0,198,256,114,0,0,0,0,0,0,0,0,0,0,0,0
0,0,0,0,0,0,0,0,0,0,0,0,198,256,170,0,0,0,0,0,0,0,0,0,0,0,0,0
0,0,0,0,0,0,0,0,0,0,0,170,256,170,0,0,0,0,0,0,0,0,0,0,0,0,0,0
0,0,0,0,0,0,0,0,0,0,170,256,198,0,0,0,0,0,0,0,0,0,0,0,0,0,0,0
0,0,0,0,0,0,0,0,0,0,256,170,0,0,0,0,0,0,0,0,0,0,0,0,0,0,0,0
0,0,0,0,0,0,0,0,0,0,0,0,0,0,0,0,0,0,0,0,0,0,0,0,0,0,0,0
0,0,0,0,0,0,0,0,0,0,0,0,0,0,0,0,0,0,0,0,0,0,0,0,0,0,0,0
0,0,0,0,0,0,0,0,0,0,0,0,0,0,0,0,0,0,0,0,0,0,0,0,0,0,0,0
