0,0,0,0,0,0,0,0,0,0,0,0,0,0,0,0,0,0,0,0,0,0,0,0,0,0,0,0
0,0,0,0,0,0,0,0,0,0,0,0,0,0,0,0,0,0,0,0,0,0,0,0,0,0,0,0
0,0,0,0,0,0,0,0,0,0,0,0,0,0,0,0,0,0,0,0,0,0,0,0,0,0,0,0
0,0,0,0,0,0,0,0,0,0,0,0,0,0,0,0,0,0,0,0,0,0,0,0,0,0,0,0
0,0,0,0,0,0,0,0,0,0,0,0,114,256,170,0,0,0,0,0,0,0,0,0,0,0,0,0
0,0,0,0,0,0,0,0,0,0,0,29,226,226,29,0,0,0,0,0,0,0,0,0,0,0,0,0
0,0,0,0,0,0,0,0,0,0,0,198,256,114,57,86,86,86,86,86,29,0,0,0,0,0,0,0
0,0,0,0,0,0,0,0,0,0,86,256,256,256,256,256,256,256,256,256,141,0,0,0,0,0,0,0
0,0,0,0,0,0,0,0,0,0,198,256,256,198,141,86,86,86,57,29,0,0,0,0,0,0,0,0
0,0,0,0,0,0,0,0,0,29,256,170,0,0,0,0,0,0,0,0,0,0,0,0,0,0,0,0
0,0,0,0,0,0,0,0,0,86,256,114,0,0,0,0,0,0,0,0,0,0,0,0,0,0,0,0
0,0,0,0,0,0,0,0,0,86,256,226,57,0,0,0,0,0,0,0,0,0,0,0,0,0,0,0
0,0,0,0,0,0,0,0,0,0,170,256,256,256,141,29,0,0,0,0,0,0,0,0,0,0,0,0
0,0,0,0,0,0,0,0,0,0,0,57,170,256,256,256,141,0,0,0,0,0,0,0,0,0,0,0
0,0,0,0,0,0,0,0,0,0,0,0,0,0,86,198,256,198,29,0,0,0,0,0,0,0,0,0
0,0,0,0,0,0,0,0,0,0,0,0,0,0,0,0,170,256,141,0,0,0,0,0,0,0,0,0
0,0,0,0,0,0,0,0,0,0,0,0,0,0,0,0,0,170,256,57,0,0,0,0,0,0,0,0
0,0,0,0,0,0,0,29,170,114,0,0,0,0,0,0,0,57,256,170,0,0,0,0,0,0,0,0
0,0,0,0,0,0,0,114,198,29,0,0,0,0,0,0,0,0,226,170,0,0,0,0,0,0,0,0
0,0,0,0,0,0,0,141,198,0,0,0,0,0,0,0,0,0,170,256,0,0,0,0,0,0,0,0
0,0,0,0,0,0,0,86,256,141,0,0,0,0,0,0,0,29,256,198,0,0,0,0,0,0,0,0
0,0,0,0,0,0,0,0,170,256,170,57,0,0,0,0,29,198,256,114,0,0,0,0,0,0,0,0
0,0,0,0,0,0,0,0,0,114,226,256,170,170,170,198,256,256,141,0,0,0,0,0,0,0,0,0
0,0,0,0,0,0,0,0,0,0,29,141,170,256,256,256,170,57,0,0,0,0,0,0,0,0,0,0
0,0,0,0,0,0,0,0,0,0,0,0,0,0,0,0,0,0,0,0,0,0,0,0,0,0,0,0
0,0,0,0,0,0,0,0,0,0,0,0,0,0,0,0,0,0,0,0,0,0,0,0,0,0,0,0
0,0,0,0,0,0,0,0,0,0,0,0,0,0,0,0,0,0,0,0,0,0,0,0,0,0,0,0
0,0,0,0,0,0,0,0,0,0,0,0,0,0,0,0,0,0,0,0,0,0,0,0,0,0,0,0
