0,0,0,0,0,0,0,0,0,0,0,0,0,0,0,0,0,0,0,0,0,0,0,0,0,0,0,0
0,0,0,0,0,0,0,0,0,0,0,0,0,0,0,0,0,0,0,0,0,0,0,0,0,0,0,0
0,0,0,0,0,0,0,0,0,0,0,0,0,0,0,0,0,0,0,0,0,0,0,0,0,0,0,0
0,0,0,0,0,0,0,0,0,0,0,0,0,0,0,0,0,0,0,0,0,0,0,0,0,0,0,0
0,0,0,0,0,0,0,0,0,0,0,0,0,0,0,0,0,0,0,0,0,0,0,0,0,0,0,0
0,0,0,0,0,0,0,0,0,0,0,0,0,0,0,0,86,86,114,170,170,198,226,226,0,0,0,0
0,0,0,0,0,0,0,0,0,0,0,0,0,57,141,198,256,256,256,256,256,256,198,29,0,0,0,0
0,0,0,0,0,0,0,0,0,0,0,0,141,256,256,256,256,256,198,141,86,57,0,0,0,0,0,0
0,0,0,0,0,0,0,0,0,0,114,198,226,256,256,114,86,57,0,0,0,0,0,0,0,0,0,0
0,0,0,0,0,0,0,0,0,141,256,256,256,114,0,0,0,0,0,0,0,0,0,0,0,0,0,0
0,0,0,0,0,0,0,0,114,256,256,226,29,0,0,0,0,0,0,0,0,0,0,0,0,0,0,0
0,0,0,0,0,0,0,0,57,256,256,256,114,0,0,0,0,0,0,0,0,0,0,0,0,0,0,0
0,0,0,0,0,0,0,0,0,226,256,256,256,226,86,0,0,0,0,0,0,0,0,0,0,0,0,0
0,0,0,0,0,0,0,0,0,0,86,57,256,256,256,170,29,0,0,0,0,0,0,0,0,0,0,0
0,0,0,0,0,0,0,0,0,0,0,0,57,141,226,256,198,29,0,0,0,0,0,0,0,0,0,0
0,0,0,0,0,0,0,0,0,0,0,0,0,0,29,170,256,170,0,0,0,0,0,0,0,0,0,0
0,0,0,0,0,0,0,0,0,0,0,0,0,0,0,0,170,256,57,0,0,0,0,0,0,0,0,0
0,0,0,0,0,0,0,0,0,0,0,0,0,0,0,0,170,256,86,0,0,0,0,0,0,0,0,0
0,0,0,0,0,0,0,0,0,0,0,0,0,0,0,0,198,256,86,0,0,0,0,0,0,0,0,0
0,0,0,0,0,0,29,57,0,0,0,0,0,0,0,114,256,226,0,0,0,0,0,0,0,0,0,0
0,0,0,0,0,0,198,86,0,0,0,0,0,0,141,256,256,114,0,0,0,0,0,0,0,0,0,0
0,0,0,0,0,0,141,198,29,0,0,29,114,226,256,256,141,0,0,0,0,0,0,0,0,0,0,0
0,0,0,0,0,0,0,256,256,198,226,256,256,256,198,114,0,0,0,0,0,0,0,0,0,0,0,0
0,0,0,0,0,0,0,170,256,226,256,256,198,57,0,0,0,0,0,0,0,0,0,0,0,0,0,0
0,0,0,0,0,0,0,29,170,226,29,0,0,0,0,0,0,0,0,0,0,0,0,0,0,0,0,0
0,0,0,0,0,0,0,0,0,0,0,0,0,0,0,0,0,0,0,0,0,0,0,0,0,0,0,0
0,0,0,0,0,0,0,0,0,0,0,0,0,0,0,0,0,0,0,0,0,0,0,0,0,0,0,0
0,0,0,0,0,0,0,0,0,0,0,0,0,0,0,0,0,0,0,0,0,0,0,0,0,0,0,0
