0,0,0,0,0,0,0,0,0,0,0,0,0,0,0,0,0,0,0,0,0,0,0,0,0,0,0,0
0,0,0,0,0,0,0,0,0,0,0,0,0,0,0,0,0,0,0,0,0,0,0,0,0,0,0,0
0,0,0,0,0,0,0,0,0,0,0,0,0,0,0,0,0,0,0,0,0,0,0,0,0,0,0,0
0,0,0,0,0,0,0,0,0,0,0,0,0,0,0,0,0,0,0,0,0,0,0,0,0,0,0,0
0,0,0,0,0,0,0,0,0,0,0,0,0,0,0,0,0,0,0,0,0,0,0,0,0,0,0,0
0,0,0,0,0,0,0,0,0,0,29,198,86,141,198,170,141,0,0,0,0,0,0,0,0,0,0,0
0,0,0,0,0,0,0,0,0,0,141,256,256,256,256,256,256,141,0,0,0,0,0,0,0,0,0,0
0,0,0,0,0,0,0,0,0,0,198,256,256,256,256,256,256,256,57,0,0,0,0,0,0,0,0,0
0,0,0,0,0,0,0,0,0,0,256,256,170,86,0,57,114,226,141,0,0,0,0,0,0,0,0,0
0,0,0,0,0,0,0,0,0,29,256,256,29,0,0,0,0,0,29,0,0,0,0,0,0,0,0,0
0,0,0,0,0,0,0,0,0,0,256,198,0,0,0,0,0,0,0,0,0,0,0,0,0,0,0,0
0,0,0,0,0,0,0,0,0,0,198,170,0,0,0,0,0,0,0,0,0,0,0,0,0,0,0,0
0,0,0,0,0,0,0,0,0,0,170,170,0,0,0,29,0,0,0,0,0,0,0,0,0,0,0,0
0,0,0,0,0,0,0,0,0,0,170,198,57,141,226,226,226,114,0,0,0,0,0,0,0,0,0,0
0,0,0,0,0,0,0,0,0,0,170,256,226,256,256,198,170,256,114,0,0,0,0,0,0,0,0,0
0,0,0,0,0,0,0,0,0,0,57,256,256,114,29,0,0,170,226,29,0,0,0,0,0,0,0,0
0,0,0,0,0,0,0,0,0,0,0,198,141,0,0,0,0,29,226,170,0,0,0,0,0,0,0,0
0,0,0,0,0,0,0,0,0,0,0,0,0,0,0,0,0,0,86,256,57,0,0,0,0,0,0,0
0,0,0,0,0,0,0,0,0,0,0,0,0,0,0,0,0,0,114,226,57,0,0,0,0,0,0,0
0,0,0,0,0,0,0,0,0,0,0,0,226,57,0,0,0,57,256,256,86,0,0,0,0,0,0,0
0,0,0,0,0,0,0,0,0,0,0,57,256,114,0,0,29,170,256,226,0,0,0,0,0,0,0,0
0,0,0,0,0,0,0,0,0,0,0,57,256,114,0,114,226,256,226,57,0,0,0,0,0,0,0,0
0,0,0,0,0,0,0,0,0,0,0,0,226,256,226,256,256,256,226,0,0,0,0,0,0,0,0,0
0,0,0,0,0,0,0,0,0,0,0,0,86,256,256,256,256,198,57,0,0,0,0,0,0,0,0,0
0,0,0,0,0,0,0,0,0,0,0,0,0,86,198,198,141,29,0,0,0,0,0,0,0,0,0,0
0,0,0,0,0,0,0,0,0,0,0,0,0,0,0,0,0,0,0,0,0,0,0,0,0,0,0,0
0,0,0,0,0,0,0,0,0,0,0,0,0,0,0,0,0,0,0,0,0,0,0,0,0,0,0,0
0,0,0,0,0,0,0,0,0,0,0,0,0,0,0,0,0,0,0,0,0,0,0,0,0,0,0,0
