0,0,0,0,0,0,0,0,0,0,0,0,0,0,0,0,0,0,0,0,0,0,0,0,0,0,0,0
0,0,0,0,0,0,0,0,0,0,0,0,0,0,0,0,0,0,0,0,0,0,0,0,0,0,0,0
0,0,0,0,0,0,0,0,0,0,0,0,0,0,0,0,0,0,0,0,0,0,0,0,0,0,0,0
0,0,0,0,0,0,0,0,0,0,0,0,0,0,0,0,0,0,0,0,0,0,0,0,0,0,0,0
0,0,0,0,0,0,0,0,0,0,0,0,0,29,114,198,256,256,57,0,0,0,0,0,0,0,0,0
0,0,0,0,0,0,0,0,0,0,0,0,57,226,256,170,114,226,86,0,0,0,0,0,0,0,0,0
0,0,0,0,0,0,0,0,0,0,0,170,256,141,29,0,0,141,86,0,0,0,0,0,0,0,0,0
0,0,0,0,0,0,0,0,0,0,0,256,170,0,0,0,0,29,29,0,0,0,0,0,0,0,0,0
0,0,0,0,0,0,0,0,0,0,0,170,198,0,0,0,0,0,0,0,0,0,0,0,0,0,0,0
0,0,0,0,0,0,0,0,0,0,0,170,256,29,0,0,0,0,0,0,0,0,0,0,0,0,0,0
0,0,0,0,0,0,0,0,0,0,0,114,256,86,0,0,0,0,0,0,0,0,0,0,0,0,0,0
0,0,0,0,0,0,0,0,0,0,0,170,256,86,0,86,86,29,0,0,0,0,0,0,0,0,0,0
0,0,0,0,0,0,0,0,0,0,0,114,256,170,226,256,256,256,57,0,0,0,0,0,0,0,0,0
0,0,0,0,0,0,0,0,0,0,0,114,256,256,170,57,29,226,226,29,0,0,0,0,0,0,0,0
0,0,0,0,0,0,0,0,0,0,0,170,256,114,0,0,0,57,256,114,0,0,0,0,0,0,0,0
0,0,0,0,0,0,0,0,0,0,0,170,256,57,0,0,0,0,170,226,0,0,0,0,0,0,0,0
0,0,0,0,0,0,0,0,0,0,0,29,57,0,0,0,0,0,170,256,0,0,0,0,0,0,0,0
0,0,0,0,0,0,0,0,0,0,0,0,0,0,0,0,0,0,170,256,0,0,0,0,0,0,0,0
0,0,0,0,0,0,0,0,0,0,0,0,0,0,0,0,0,0,170,226,0,0,0,0,0,0,0,0
0,0,0,0,0,0,0,0,0,0,170,86,0,0,0,0,0,29,226,141,0,0,0,0,0,0,0,0
0,0,0,0,0,0,0,0,0,86,256,29,0,0,0,0,0,170,256,86,0,0,0,0,0,0,0,0
0,0,0,0,0,0,0,0,0,86,256,57,0,0,0,57,170,256,170,0,0,0,0,0,0,0,0,0
0,0,0,0,0,0,0,0,0,0,170,256,170,170,226,256,198,86,0,0,0,0,0,0,0,0,0,0
0,0,0,0,0,0,0,0,0,0,0,57,198,198,114,57,0,0,0,0,0,0,0,0,0,0,0,0
0,0,0,0,0,0,0,0,0,0,0,0,0,0,0,0,0,0,0,0,0,0,0,0,0,0,0,0
0,0,0,0,0,0,0,0,0,0,0,0,0,0,0,0,0,0,0,0,0,0,0,0,0,0,0,0
0,0,0,0,0,0,0,0,0,0,0,0,0,0,0,0,0,0,0,0,0,0,0,0,0,0,0,0
0,0,0,0,0,0,0,0,0,0,0,0,0,0,0,0,0,0,0,0,0,0,0,0,0,0,0,0
