0,0,0,0,0,0,0,0,0,0,0,0,0,0,0,0,0,0,0,0,0,0,0,0,0,0,0,0
0,0,0,0,0,0,0,0,0,0,0,0,0,0,0,0,0,0,0,0,0,0,0,0,0,0,0,0
0,0,0,0,0,0,0,0,0,0,0,0,0,0,0,0,0,0,0,0,0,0,0,0,0,0,0,0
0,0,0,0,0,0,0,0,0,0,0,0,0,0,0,0,0,0,0,0,0,0,0,0,0,0,0,0
0,0,0,0,0,0,0,0,0,0,0,0,0,0,0,0,0,0,0,0,0,0,0,0,0,0,0,0
0,0,0,0,0,0,0,0,0,0,0,0,0,0,0,0,0,0,0,0,0,0,0,0,0,0,0,0
0,0,0,0,0,0,0,0,0,0,0,0,0,0,0,0,0,0,0,0,0,0,0,0,0,0,0,0
0,0,0,0,0,0,0,0,0,0,0,0,0,0,0,0,0,0,0,0,0,57,86,86,86,86,0,0
0,0,0,0,0,0,0,0,0,0,0,0,0,0,0,29,86,141,170,226,256,256,256,226,170,29,0,0
0,0,0,0,0,0,0,0,0,0,0,0,0,0,86,226,256,256,256,256,170,86,86,0,0,0,0,0
0,0,0,0,0,0,0,0,0,0,0,0,0,29,29,170,170,114,86,0,0,0,0,0,0,0,0,0
0,0,0,0,0,0,0,0,0,0,0,0,0,226,170,0,0,0,0,0,0,0,0,0,0,0,0,0
0,0,0,0,0,0,0,0,0,0,0,0,141,256,198,86,29,0,0,0,0,0,0,0,0,0,0,0
0,0,0,0,0,0,0,0,0,0,0,114,256,256,256,256,198,29,0,0,0,0,0,0,0,0,0,0
0,0,0,0,0,0,0,0,0,0,141,256,256,198,170,256,256,141,0,0,0,0,0,0,0,0,0,0
0,0,0,0,0,0,0,0,0,0,170,256,114,0,0,114,256,170,0,0,0,0,0,0,0,0,0,0
0,0,0,0,0,0,0,0,0,0,0,0,0,0,0,141,256,141,0,0,0,0,0,0,0,0,0,0
0,0,0,0,0,0,114,170,86,0,0,0,0,57,86,198,256,114,0,0,0,0,0,0,0,0,0,0
0,0,0,0,0,0,226,256,256,198,170,170,226,256,256,256,226,57,0,0,0,0,0,0,0,0,0,0
0,0,0,0,0,0,86,198,256,256,256,256,256,256,256,226,29,0,0,0,0,0,0,0,0,0,0,0
0,0,0,0,0,0,0,0,0,29,86,86,86,86,0,0,0,0,0,0,0,0,0,0,0,0,0,0
0,0,0,0,0,0,0,0,0,0,0,0,0,0,0,0,0,0,0,0,0,0,0,0,0,0,0,0
0,0,0,0,0,0,0,0,0,0,0,0,0,0,0,0,0,0,0,0,0,0,0,0,0,0,0,0
0,0,0,0,0,0,0,0,0,0,0,0,0,0,0,0,0,0,0,0,0,0,0,0,0,0,0,0
0,0,0,0,0,0,0,0,0,0,0,0,0,0,0,0,0,0,0,0,0,0,0,0,0,0,0,0
0,0,0,0,0,0,0,0,0,0,0,0,0,0,0,0,0,0,0,0,0,0,0,0,0,0,0,0
0,0,0,0,0,0,0,0,0,0,0,0,0,0,0,0,0,0,0,0,0,0,0,0,0,0,0,0
0,0,0,0,0,0,0,0,0,0,0,0,0,0,0,0,0,0,0,0,0,0,0,0,0,0,0,0
