0,0,0,0,0,0,0,0,0,0,0,0,0,0,0,0,0,0,0,0,0,0,0,0,0,0,0,0
0,0,0,0,0,0,0,0,0,0,0,0,0,0,0,0,0,0,0,0,0,0,0,0,0,0,0,0
0,0,0,0,0,0,0,0,0,0,0,0,0,0,0,0,0,0,0,0,0,0,0,0,0,0,0,0
0,0,0,0,0,0,0,0,0,0,0,0,0,0,0,0,0,0,0,0,0,0,0,0,0,0,0,0
0,0,0,0,0,0,0,0,0,0,0,0,0,0,0,0,0,0,0,0,0,0,0,0,0,0,0,0
0,0,0,0,0,0,0,0,0,0,0,0,0,0,0,0,0,0,0,0,0,0,0,0,0,0,0,0
0,0,0,0,0,0,0,0,0,0,0,0,0,0,0,0,29,86,86,114,141,170,170,170,29,0,0,0
0,0,0,0,0,0,0,0,0,0,0,0,0,0,0,29,198,256,256,256,256,256,256,256,170,0,0,0
0,0,0,0,0,0,0,0,0,0,0,0,0,0,29,170,256,256,114,86,86,86,57,0,0,0,0,0
0,0,0,0,0,0,0,0,0,0,0,0,0,57,226,256,198,114,0,0,0,0,0,0,0,0,0,0
0,0,0,0,0,0,0,0,0,0,0,0,86,226,256,256,57,0,0,0,0,0,0,0,0,0,0,0
0,0,0,0,0,0,0,0,0,0,0,57,226,256,256,256,256,198,29,0,0,0,0,0,0,0,0,0
0,0,0,0,0,0,0,0,0,0,86,256,256,226,114,86,198,256,170,0,0,0,0,0,0,0,0,0
0,0,0,0,0,0,0,0,0,0,198,256,170,0,0,0,29,256,226,29,0,0,0,0,0,0,0,0
0,0,0,0,0,0,0,0,0,0,141,170,0,0,0,0,29,256,256,114,0,0,0,0,0,0,0,0
0,0,0,0,0,0,0,0,0,0,0,0,0,0,0,0,29,256,226,57,0,0,0,0,0,0,0,0
0,0,0,0,0,57,141,86,0,0,0,0,0,0,0,0,86,256,170,0,0,0,0,0,0,0,0,0
0,0,0,0,0,141,256,256,198,0,0,0,0,0,0,86,226,256,114,0,0,0,0,0,0,0,0,0
0,0,0,0,0,114,256,170,86,0,0,0,0,0,114,226,256,170,0,0,0,0,0,0,0,0,0,0
0,0,0,0,0,0,198,256,198,170,141,170,170,226,256,256,198,29,0,0,0,0,0,0,0,0,0,0
0,0,0,0,0,0,0,141,226,256,256,256,256,256,226,86,0,0,0,0,0,0,0,0,0,0,0,0
0,0,0,0,0,0,0,0,0,29,86,86,86,57,0,0,0,0,0,0,0,0,0,0,0,0,0,0
0,0,0,0,0,0,0,0,0,0,0,0,0,0,0,0,0,0,0,0,0,0,0,0,0,0,0,0
0,0,0,0,0,0,0,0,0,0,0,0,0,0,0,0,0,0,0,0,0,0,0,0,0,0,0,0
0,0,0,0,0,0,0,0,0,0,0,0,0,0,0,0,0,0,0,0,0,0,0,0,0,0,0,0
0,0,0,0,0,0,0,0,0,0,0,0,0,0,0,0,0,0,0,0,0,0,0,0,0,0,0,0
0,0,0,0,0,0,0,0,0,0,0,0,0,0,0,0,0,0,0,0,0,0,0,0,0,0,0,0
0,0,0,0,0,0,0,0,0,0,0,0,0,0,0,0,0,0,0,0,0,0,0,0,0,0,0,0
