0,0,0,0,0,0,0,0,0,0,0,0,0,0,0,0,0,0,0,0,0,0,0,0,0,0,0,0
0,0,0,0,0,0,0,0,0,0,0,0,0,0,0,0,0,0,0,0,0,0,0,0,0,0,0,0
0,0,0,0,0,0,0,0,0,0,0,0,0,0,0,0,0,0,0,0,0,0,0,0,0,0,0,0
0,0,0,0,0,0,0,0,0,0,0,0,0,0,0,0,0,0,0,0,0,0,0,0,0,0,0,0
0,0,0,0,0,0,0,0,0,0,0,0,0,0,0,0,0,0,0,0,0,0,0,0,0,0,0,0
0,0,0,0,0,0,0,0,0,0,0,0,0,0,0,0,0,0,0,0,0,0,0,0,0,0,0,0
0,0,0,0,0,0,0,0,0,0,114,256,198,57,0,0,0,0,0,0,0,0,0,0,0,0,0,0
0,0,0,0,0,0,0,0,0,0,226,256,256,256,170,29,0,0,0,0,0,0,0,0,0,0,0,0
0,0,0,0,0,0,0,0,0,141,256,256,114,170,256,256,170,86,57,29,0,0,0,0,0,0,0,0
0,0,0,0,0,0,0,0,0,256,256,170,0,0,57,198,256,256,256,256,57,0,0,0,0,0,0,0
0,0,0,0,0,0,0,0,141,256,256,57,0,0,0,0,57,198,256,256,86,0,0,0,0,0,0,0
0,0,0,0,0,0,0,141,256,256,114,0,0,0,0,0,0,170,256,256,29,0,0,0,0,0,0,0
0,0,0,0,0,0,86,256,256,256,57,0,0,0,0,0,0,170,256,170,0,0,0,0,0,0,0,0
0,0,0,0,0,29,226,256,256,114,0,0,0,0,0,0,29,256,256,86,0,0,0,0,0,0,0,0
0,0,0,0,0,86,256,256,170,0,0,0,0,0,0,0,170,256,226,0,0,0,0,0,0,0,0,0
0,0,0,0,0,0,141,141,0,0,0,0,0,0,0,0,256,256,114,0,0,0,0,0,0,0,0,0
0,0,0,0,0,0,0,0,0,0,0,0,0,0,0,141,256,256,86,114,170,86,0,0,0,0,0,0
0,0,0,0,0,0,0,0,0,0,29,170,226,256,256,256,256,256,256,256,256,256,0,0,0,0,0,0
0,0,0,0,0,0,0,0,0,0,29,226,256,256,256,256,256,256,256,198,141,57,0,0,0,0,0,0
0,0,0,0,0,0,0,0,0,0,0,0,0,57,198,256,198,0,0,0,0,0,0,0,0,0,0,0
0,0,0,0,0,0,0,0,0,0,0,0,0,0,226,256,114,0,0,0,0,0,0,0,0,0,0,0
0,0,0,0,0,0,0,0,0,0,0,0,0,141,256,256,57,0,0,0,0,0,0,0,0,0,0,0
0,0,0,0,0,0,0,0,0,0,0,0,0,170,256,226,0,0,0,0,0,0,0,0,0,0,0,0
0,0,0,0,0,0,0,0,0,0,0,0,86,256,256,114,0,0,0,0,0,0,0,0,0,0,0,0
0,0,0,0,0,0,0,0,0,0,0,0,0,256,256,86,0,0,0,0,0,0,0,0,0,0,0,0
0,0,0,0,0,0,0,0,0,0,0,0,0,198,256,86,0,0,0,0,0,0,0,0,0,0,0,0
0,0,0,0,0,0,0,0,0,0,0,0,0,0,0,0,0,0,0,0,0,0,0,0,0,0,0,0
0,0,0,0,0,0,0,0,0,0,0,0,0,0,0,0,0,0,0,0,0,0,0,0,0,0,0,0
