0,0,0,0,0,0,0,0,0,0,0,0,0,0,0,0,0,0,0,0,0,0,0,0,0,0,0,0
0,0,0,0,0,0,0,0,0,0,0,0,0,0,0,0,0,0,0,0,0,0,0,0,0,0,0,0
0,0,0,0,0,0,0,0,0,0,0,0,0,0,0,0,0,0,0,0,0,0,0,0,0,0,0,0
0,0,0,0,0,0,0,0,0,0,0,0,0,0,0,0,0,0,0,0,0,0,0,0,0,0,0,0
0,0,0,0,0,0,0,0,0,0,0,0,0,0,0,0,0,0,0,0,0,0,0,0,0,0,0,0
0,0,0,0,0,0,0,0,0,0,0,0,0,0,0,0,0,0,0,0,0,0,0,0,0,0,0,0
0,0,0,0,0,0,0,0,0,0,0,0,0,0,0,0,0,0,0,0,0,0,0,0,0,0,0,0
0,0,0,0,0,0,0,0,0,0,0,0,57,256,256,256,256,226,86,0,0,0,0,0,0,0,0,0
0,0,0,0,0,0,0,0,0,0,57,141,256,198,170,170,170,226,198,86,0,0,0,0,0,0,0,0
0,0,0,0,0,0,0,0,29,198,256,226,86,0,0,0,0,86,256,256,170,0,0,0,0,0,0,0
0,0,0,0,0,0,0,29,226,256,170,0,0,0,0,0,29,226,256,256,170,0,0,0,0,0,0,0
0,0,0,0,0,0,0,170,256,141,0,0,0,0,0,114,256,256,256,256,114,0,0,0,0,0,0,0
0,0,0,0,0,0,0,256,256,0,0,0,0,86,198,256,226,86,256,256,57,0,0,0,0,0,0,0
0,0,0,0,0,0,0,226,256,170,170,170,256,256,170,86,0,57,256,198,0,0,0,0,0,0,0,0
0,0,0,0,0,0,0,86,256,256,256,256,198,114,0,0,0,114,256,170,0,0,0,0,0,0,0,0
0,0,0,0,0,0,0,0,29,86,86,29,0,0,0,0,0,226,256,114,0,0,0,0,0,0,0,0
0,0,0,0,0,0,0,0,0,0,0,0,0,0,0,0,86,256,198,0,0,0,0,0,0,0,0,0
0,0,0,0,0,0,0,0,0,0,0,0,0,0,0,29,198,256,57,0,0,0,0,0,0,0,0,0
0,0,0,0,0,0,0,0,0,0,0,0,0,0,0,170,256,141,0,0,0,0,0,0,0,0,0,0
0,0,0,0,0,0,0,0,0,0,0,0,0,0,86,256,198,29,0,0,0,0,0,0,0,0,0,0
0,0,0,0,0,0,0,0,0,0,0,0,0,29,226,256,86,0,0,0,0,0,0,0,0,0,0,0
0,0,0,0,0,0,0,0,0,0,0,0,0,141,256,141,0,0,0,0,0,0,0,0,0,0,0,0
0,0,0,0,0,0,0,0,0,0,0,0,57,256,198,0,0,0,0,0,0,0,0,0,0,0,0,0
0,0,0,0,0,0,0,0,0,0,0,29,226,256,29,0,0,0,0,0,0,0,0,0,0,0,0,0
0,0,0,0,0,0,0,0,0,0,0,86,256,141,0,0,0,0,0,0,0,0,0,0,0,0,0,0
0,0,0,0,0,0,0,0,0,0,29,226,226,29,0,0,0,0,0,0,0,0,0,0,0,0,0,0
0,0,0,0,0,0,0,0,0,0,86,226,29,0,0,0,0,0,0,0,0,0,0,0,0,0,0,0
0,0,0,0,0,0,0,0,0,0,0,0,0,0,0,0,0,0,0,0,0,0,0,0,0,0,0,0
