0,0,0,0,0,0,0,0,0,0,0,0,0,0,0,0,0,0,0,0,0,0,0,0,0,0,0,0
0,0,0,0,0,0,0,0,0,0,0,0,0,0,0,0,0,0,0,0,0,0,0,0,0,0,0,0
0,0,0,0,0,0,0,0,0,0,0,0,0,0,0,0,0,0,0,0,0,0,0,0,0,0,0,0
0,0,0,0,0,0,0,0,0,0,0,0,0,0,0,0,0,0,0,0,0,0,0,0,0,0,0,0
0,0,0,0,0,0,0,0,0,0,0,0,0,0,0,0,0,0,0,0,0,0,0,0,0,0,0,0
0,0,0,0,0,0,0,0,0,0,0,0,0,57,86,86,86,0,0,0,0,0,0,0,0,0,0,0
0,0,0,0,0,0,0,0,0,0,57,198,256,256,256,256,256,256,198,29,0,0,0,0,0,0,0,0
0,0,0,0,0,0,0,0,86,226,256,256,141,86,86,86,86,141,256,170,0,0,0,0,0,0,0,0
0,0,0,0,0,0,0,0,170,226,141,29,0,0,0,0,0,0,29,198,170,0,0,0,0,0,0,0
0,0,0,0,0,0,0,0,170,29,0,0,0,0,0,0,0,0,0,86,170,0,0,0,0,0,0,0
0,0,0,0,0,0,0,0,0,0,0,0,0,0,0,0,0,0,0,86,170,0,0,0,0,0,0,0
0,0,0,0,0,0,0,0,0,0,0,0,0,0,0,0,0,0,0,170,170,0,0,0,0,0,0,0
0,0,0,0,0,0,0,0,0,0,0,0,0,0,0,0,0,0,29,256,114,0,0,0,0,0,0,0
0,0,0,0,0,0,0,0,0,0,0,0,0,0,0,0,0,0,86,226,0,0,0,0,0,0,0,0
0,0,0,0,0,0,0,0,29,198,256,256,256,256,198,170,141,86,226,141,0,0,0,0,0,0,0,0
0,0,0,0,0,0,0,114,198,226,170,114,114,86,114,170,256,256,256,226,57,0,0,0,0,0,0,0
0,0,0,0,0,0,170,256,114,0,0,0,0,0,0,0,141,256,170,256,256,226,86,0,0,0,0,0
0,0,0,0,0,114,226,57,0,0,0,0,0,0,0,170,256,86,0,0,86,198,256,226,57,0,0,0
0,0,0,0,0,226,114,0,0,0,0,0,0,29,198,226,86,0,0,0,0,0,57,198,226,0,0,0
0,0,0,0,0,256,141,0,0,0,0,86,170,256,226,57,0,0,0,0,0,0,0,0,0,0,0,0
0,0,0,0,0,141,256,198,198,198,256,256,256,141,29,0,0,0,0,0,0,0,0,0,0,0,0,0
0,0,0,0,0,0,114,256,256,256,198,114,29,0,0,0,0,0,0,0,0,0,0,0,0,0,0,0
0,0,0,0,0,0,0,0,57,0,0,0,0,0,0,0,0,0,0,0,0,0,0,0,0,0,0,0
0,0,0,0,0,0,0,0,0,0,0,0,0,0,0,0,0,0,0,0,0,0,0,0,0,0,0,0
0,0,0,0,0,0,0,0,0,0,0,0,0,0,0,0,0,0,0,0,0,0,0,0,0,0,0,0
0,0,0,0,0,0,0,0,0,0,0,0,0,0,0,0,0,0,0,0,0,0,0,0,0,0,0,0
0,0,0,0,0,0,0,0,0,0,0,0,0,0,0,0,0,0,0,0,0,0,0,0,0,0,0,0
0,0,0,0,0,0,0,0,0,0,0,0,0,0,0,0,0,0,0,0,0,0,0,0,0,0,0,0
