0,0,0,0,0,0,0,0,0,0,0,0,0,0,0,0,0,0,0,0,0,0,0,0,0,0,0,0
0,0,0,0,0,0,0,0,0,0,0,0,0,0,0,0,0,0,0,0,0,0,0,0,0,0,0,0
0,0,0,0,0,0,0,0,0,0,0,0,0,0,0,0,0,0,0,0,0,0,0,0,0,0,0,0
0,0,0,0,0,0,0,0,0,0,0,0,0,0,0,0,0,0,0,0,0,0,0,0,0,0,0,0
0,0,0,0,0,0,0,0,0,0,0,0,0,0,0,0,0,0,0,0,0,0,0,0,0,0,0,0
0,0,0,0,0,0,0,0,0,0,0,0,0,0,0,0,0,0,0,0,0,0,0,0,0,0,0,0
0,0,0,0,0,0,0,0,0,0,0,0,0,0,0,0,0,0,0,0,0,0,0,0,0,0,0,0
0,0,0,0,0,0,0,0,0,57,170,170,256,256,256,256,198,57,0,0,0,0,0,0,0,0,0,0
0,0,0,0,0,0,29,141,226,256,256,256,256,256,256,256,256,226,0,0,0,0,0,0,0,0,0,0
0,0,0,0,0,141,256,256,256,256,170,170,57,0,0,170,256,256,0,0,0,0,0,0,0,0,0,0
0,0,0,0,0,57,170,170,114,0,0,0,0,0,0,198,256,198,0,0,0,0,0,0,0,0,0,0
0,0,0,0,0,0,0,0,0,0,0,0,0,0,29,256,256,114,0,0,0,0,0,0,0,0,0,0
0,0,0,0,0,0,0,0,0,0,0,0,0,0,141,256,256,86,0,0,0,0,0,0,0,0,0,0
0,0,0,0,0,0,0,0,0,0,0,0,0,0,226,256,256,29,0,0,0,0,0,0,0,0,0,0
0,0,0,0,0,0,0,0,0,57,141,170,170,170,256,256,256,114,29,0,0,0,0,0,0,0,0,0
0,0,0,0,0,0,0,141,226,256,256,256,256,256,256,256,256,256,256,170,114,0,0,0,0,0,0,0
0,0,0,0,0,0,226,256,256,141,114,198,256,256,256,114,141,170,256,256,256,198,29,0,0,0,0,0
0,0,0,0,0,86,256,256,198,0,141,256,256,256,86,0,0,0,29,141,256,256,170,29,0,0,0,0
0,0,0,0,0,29,226,256,256,256,256,256,198,29,0,0,0,0,0,0,141,256,256,170,29,0,0,0
0,0,0,0,0,0,57,226,256,256,170,114,0,0,0,0,0,0,0,0,0,226,256,256,141,0,0,0
0,0,0,0,0,0,0,0,0,0,0,0,0,0,0,0,0,0,0,0,0,86,256,256,226,0,0,0
0,0,0,0,0,0,0,0,0,0,0,0,0,0,0,0,0,0,0,0,0,0,256,256,256,0,0,0
0,0,0,0,0,0,0,0,0,0,0,0,0,0,0,0,0,0,0,0,0,0,86,226,141,0,0,0
0,0,0,0,0,0,0,0,0,0,0,0,0,0,0,0,0,0,0,0,0,0,0,0,0,0,0,0
0,0,0,0,0,0,0,0,0,0,0,0,0,0,0,0,0,0,0,0,0,0,0,0,0,0,0,0
0,0,0,0,0,0,0,0,0,0,0,0,0,0,0,0,0,0,0,0,0,0,0,0,0,0,0,0
0,0,0,0,0,0,0,0,0,0,0,0,0,0,0,0,0,0,0,0,0,0,0,0,0,0,0,0
0,0,0,0,0,0,0,0,0,0,0,0,0,0,0,0,0,0,0,0,0,0,0,0,0,0,0,0
