0,0,0,0,0,0,0,0,0,0,0,0,0,0,0,0,0,0,0,0,0,0,0,0,0,0,0,0
0,0,0,0,0,0,0,0,0,0,0,0,0,0,0,0,0,0,0,0,0,0,0,0,0,0,0,0
0,0,0,0,0,0,0,0,0,0,0,0,0,0,0,0,0,0,0,0,0,0,0,0,0,0,0,0
0,0,0,0,0,0,0,0,0,0,0,0,0,0,0,0,0,0,0,0,0,0,0,0,0,0,0,0
0,0,0,0,0,0,0,0,0,0,0,86,170,256,256,198,170,29,0,0,0,0,0,0,0,0,0,0
0,0,0,0,0,0,0,0,0,29,226,256,256,170,170,170,198,256,0,0,0,0,0,0,0,0,0,0
0,0,0,0,0,0,0,0,86,256,226,86,0,0,0,0,0,256,114,0,0,0,0,0,0,0,0,0
0,0,0,0,0,0,0,0,256,256,0,0,0,0,0,0,0,198,170,0,0,0,0,0,0,0,0,0
0,0,0,0,0,0,0,0,86,114,0,0,0,0,0,0,0,198,170,0,0,0,0,0,0,0,0,0
0,0,0,0,0,0,0,0,0,0,0,0,0,0,0,0,0,256,141,0,0,0,0,0,0,0,0,0
0,0,0,0,0,0,0,0,0,0,0,0,0,0,0,0,0,256,29,0,0,0,0,0,0,0,0,0
0,0,0,0,0,0,0,0,0,0,0,0,0,0,0,0,114,256,0,0,0,0,0,0,0,0,0,0
0,0,0,0,0,0,0,0,0,0,0,0,0,0,0,0,256,141,0,0,0,0,0,0,0,0,0,0
0,0,0,0,0,0,0,0,0,0,0,0,0,0,0,86,256,29,0,0,0,0,0,0,0,0,0,0
0,0,0,0,0,0,0,0,0,0,0,0,0,0,0,226,198,0,0,0,0,0,0,0,0,0,0,0
0,0,0,0,0,0,0,0,0,0,0,0,0,0,170,256,29,0,0,0,0,0,0,0,0,0,0,0
0,0,0,0,0,0,0,0,0,0,0,0,0,29,256,170,0,0,0,0,0,0,0,0,0,0,0,0
0,0,0,0,0,0,0,0,0,0,0,0,0,198,226,0,0,0,0,0,0,0,0,0,0,0,0,0
0,0,0,0,0,0,0,0,0,0,0,0,86,256,86,0,0,0,0,0,29,170,0,0,0,0,0,0
0,0,0,0,0,0,0,0,0,0,0,86,256,141,0,0,0,29,141,226,170,29,0,0,0,0,0,0
0,0,0,0,0,0,0,0,0,0,29,256,198,0,0,57,170,256,141,29,0,0,0,0,0,0,0,0
0,0,0,0,0,0,0,0,0,0,226,226,0,86,198,256,170,57,0,0,0,0,0,0,0,0,0,0
0,0,0,0,0,0,0,0,0,170,256,198,226,256,198,57,0,0,0,0,0,0,0,0,0,0,0,0
0,0,0,0,0,0,0,0,0,226,256,256,170,57,0,0,0,0,0,0,0,0,0,0,0,0,0,0
0,0,0,0,0,0,0,0,0,0,0,0,0,0,0,0,0,0,0,0,0,0,0,0,0,0,0,0
0,0,0,0,0,0,0,0,0,0,0,0,0,0,0,0,0,0,0,0,0,0,0,0,0,0,0,0
0,0,0,0,0,0,0,0,0,0,0,0,0,0,0,0,0,0,0,0,0,0,0,0,0,0,0,0
0,0,0,0,0,0,0,0,0,0,0,0,0,0,0,0,0,0,0,0,0,0,0,0,0,0,0,0
