0,0,0,0,0,0,0,0,0,0,0,0,0,0,0,0,0,0,0,0,0,0,0,0,0,0,0,0
0,0,0,0,0,0,0,0,0,0,0,0,0,0,0,0,0,0,0,0,0,0,0,0,0,0,0,0
0,0,0,0,0,0,0,0,0,0,0,0,0,0,0,0,0,0,0,0,0,0,0,0,0,0,0,0
0,0,0,0,0,0,0,0,0,0,0,0,0,0,0,0,0,0,0,0,0,0,0,0,0,0,0,0
0,0,0,0,0,0,0,0,0,0,0,0,0,0,0,57,141,226,256,198,29,0,0,0,0,0,0,0
0,0,0,0,0,0,0,0,0,0,0,0,0,0,141,256,256,170,170,256,198,0,0,0,0,0,0,0
0,0,0,0,0,0,0,0,0,0,0,0,57,226,226,86,0,0,0,170,256,0,0,0,0,0,0,0
0,0,0,0,0,0,0,0,0,0,0,86,256,198,0,0,0,0,0,57,256,0,0,0,0,0,0,0
0,0,0,0,0,0,0,0,0,0,0,256,198,0,0,0,0,0,0,86,256,0,0,0,0,0,0,0
0,0,0,0,0,0,0,0,0,0,86,256,29,0,0,0,0,0,0,86,256,0,0,0,0,0,0,0
0,0,0,0,0,0,0,0,0,0,29,226,226,0,0,0,0,0,0,198,256,0,0,0,0,0,0,0
0,0,0,0,0,0,0,0,0,0,0,0,86,0,0,0,0,0,0,256,198,0,0,0,0,0,0,0
0,0,0,0,0,0,0,0,0,0,0,0,0,0,0,0,0,0,29,256,86,0,0,0,0,0,0,0
0,0,0,0,0,0,0,0,0,0,0,0,0,0,0,0,0,0,198,256,0,0,0,0,0,0,0,0
0,0,0,0,0,0,0,0,0,0,0,0,0,0,0,0,0,29,256,141,0,0,0,0,0,0,0,0
0,0,0,0,0,0,0,0,0,0,0,0,57,86,29,0,0,226,256,57,0,0,0,0,0,0,0,0
0,0,0,0,0,0,0,0,0,57,141,226,256,256,256,141,114,256,57,0,0,0,0,0,0,0,0,0
0,0,0,0,0,0,0,0,29,226,226,86,0,86,141,256,256,114,0,0,0,0,0,0,0,0,0,0
0,0,0,0,0,0,0,0,226,256,57,0,0,0,86,256,256,29,0,0,0,0,0,0,0,0,0,0
0,0,0,0,0,0,0,114,256,114,0,0,0,86,256,198,256,141,0,0,0,0,0,0,0,0,0,0
0,0,0,0,0,0,29,256,256,0,0,0,141,256,226,0,198,256,0,0,0,0,0,0,0,0,0,0
0,0,0,0,0,0,29,256,256,0,57,226,256,141,0,0,86,256,29,0,0,0,0,0,0,0,0,0
0,0,0,0,0,0,0,141,256,226,256,226,57,0,0,0,0,170,114,0,0,0,0,0,0,0,0,0
0,0,0,0,0,0,0,0,170,198,114,0,0,0,0,0,0,0,0,0,0,0,0,0,0,0,0,0
0,0,0,0,0,0,0,0,0,0,0,0,0,0,0,0,0,0,0,0,0,0,0,0,0,0,0,0
0,0,0,0,0,0,0,0,0,0,0,0,0,0,0,0,0,0,0,0,0,0,0,0,0,0,0,0
0,0,0,0,0,0,0,0,0,0,0,0,0,0,0,0,0,0,0,0,0,0,0,0,0,0,0,0
0,0,0,0,0,0,0,0,0,0,0,0,0,0,0,0,0,0,0,0,0,0,0,0,0,0,0,0
