0,0,0,0,0,0,0,0,0,0,0,0,0,0,0,0,0,0,0,0,0,0,0,0,0,0,0,0
0,0,0,0,0,0,0,0,0,0,0,0,0,0,0,0,0,0,0,0,0,0,0,0,0,0,0,0
0,0,0,0,0,0,0,0,0,0,0,0,0,0,0,0,0,0,0,0,0,0,0,0,0,0,0,0
0,0,0,0,0,0,0,0,0,0,114,198,256,256,256,141,0,0,0,0,0,0,0,0,0,0,0,0
0,0,0,0,0,0,0,0,0,29,256,256,226,256,256,256,198,0,0,0,0,0,0,0,0,0,0,0
0,0,0,0,0,0,0,0,0,57,114,0,0,0,114,256,256,170,0,0,0,0,0,0,0,0,0,0
0,0,0,0,0,0,0,0,0,0,0,0,0,0,0,57,256,256,57,0,0,0,0,0,0,0,0,0
0,0,0,0,0,0,0,0,0,0,0,0,0,0,0,0,114,256,198,0,0,0,0,0,0,0,0,0
0,0,0,0,0,0,0,0,0,0,0,0,0,0,0,0,0,256,256,0,0,0,0,0,0,0,0,0
0,0,0,0,0,0,0,0,0,0,0,0,0,0,0,0,0,256,256,0,0,0,0,0,0,0,0,0
0,0,0,0,0,0,0,0,0,0,0,0,0,0,0,0,29,256,256,29,0,0,0,0,0,0,0,0
0,0,0,0,0,0,0,0,0,0,0,0,0,0,0,0,0,256,256,86,0,0,0,0,0,0,0,0
0,0,0,0,0,0,0,0,0,0,0,0,57,170,198,256,256,256,256,0,0,0,0,0,0,0,0,0
0,0,0,0,0,0,0,0,0,0,29,170,256,256,256,256,256,256,256,114,0,0,0,0,0,0,0,0
0,0,0,0,0,0,0,0,0,114,256,256,226,170,86,0,256,256,256,256,29,0,0,0,0,0,0,0
0,0,0,0,0,0,0,0,57,256,256,141,29,0,0,141,256,256,198,256,226,0,0,0,0,0,0,0
0,0,0,0,0,0,0,0,256,256,86,0,0,0,0,256,256,170,0,226,256,57,0,0,0,0,0,0
0,0,0,0,0,0,0,29,256,226,0,0,0,0,114,256,256,0,0,57,256,226,0,0,0,0,0,0
0,0,0,0,0,0,0,57,256,170,0,0,0,29,256,256,141,0,0,0,256,256,0,0,0,0,0,0
0,0,0,0,0,0,0,0,256,170,0,0,29,226,256,226,0,0,0,0,114,256,57,0,0,0,0,0
0,0,0,0,0,0,0,0,256,256,29,86,256,256,226,0,0,0,0,0,0,256,86,0,0,0,0,0
0,0,0,0,0,0,0,0,114,256,256,256,256,256,29,0,0,0,0,0,0,29,29,0,0,0,0,0
0,0,0,0,0,0,0,0,0,198,256,256,170,57,0,0,0,0,0,0,0,0,0,0,0,0,0,0
0,0,0,0,0,0,0,0,0,0,0,0,0,0,0,0,0,0,0,0,0,0,0,0,0,0,0,0
0,0,0,0,0,0,0,0,0,0,0,0,0,0,0,0,0,0,0,0,0,0,0,0,0,0,0,0
0,0,0,0,0,0,0,0,0,0,0,0,0,0,0,0,0,0,0,0,0,0,0,0,0,0,0,0
0,0,0,0,0,0,0,0,0,0,0,0,0,0,0,0,0,0,0,0,0,0,0,0,0,0,0,0
0,0,0,0,0,0,0,0,0,0,0,0,0,0,0,0,0,0,0,0,0,0,0,0,0,0,0,0
