0,0,0,0,0,0,0,0,0,0,0,0,0,0,0,0,0,0,0,0,0,0,0,0,0,0,0,0
0,0,0,0,0,0,0,0,0,0,0,0,0,0,0,0,0,0,0,0,0,0,0,0,0,0,0,0
0,0,0,0,0,0,0,0,0,0,0,0,0,0,0,0,0,0,0,0,0,0,0,0,0,0,0,0
0,0,0,0,0,0,0,0,0,0,0,0,0,0,0,0,0,0,0,0,0,0,0,0,0,0,0,0
0,0,0,0,0,0,0,0,0,0,0,0,0,0,0,57,86,170,86,29,0,0,0,0,0,0,0,0
0,0,0,0,0,0,0,0,0,0,0,0,29,141,198,256,256,256,256,226,114,0,0,0,0,0,0,0
0,0,0,0,0,0,0,0,0,0,29,170,256,256,198,114,86,0,57,256,256,29,0,0,0,0,0,0
0,0,0,0,0,0,0,0,0,57,256,256,198,29,0,0,0,0,0,114,256,114,0,0,0,0,0,0
0,0,0,0,0,0,0,0,0,57,256,114,0,0,0,0,0,0,0,86,256,86,0,0,0,0,0,0
0,0,0,0,0,0,0,0,0,0,0,0,0,0,0,0,0,0,0,86,256,86,0,0,0,0,0,0
0,0,0,0,0,0,0,0,0,0,0,0,0,0,0,0,0,0,0,170,256,57,0,0,0,0,0,0
0,0,0,0,0,0,0,0,0,0,0,0,0,0,0,0,0,0,29,256,256,0,0,0,0,0,0,0
0,0,0,0,0,0,0,0,0,0,0,0,0,0,0,0,0,0,170,256,141,0,0,0,0,0,0,0
0,0,0,0,0,0,0,0,0,0,0,86,86,141,114,86,29,114,256,226,0,0,0,0,0,0,0,0
0,0,0,0,0,0,0,0,29,141,256,256,256,256,256,256,256,256,256,114,0,0,0,0,0,0,0,0
0,0,0,0,0,0,0,141,256,256,170,86,86,0,86,198,256,256,256,256,86,0,0,0,0,0,0,0
0,0,0,0,0,0,226,256,141,0,0,0,0,0,86,256,256,198,114,256,256,141,0,0,0,0,0,0
0,0,0,0,0,170,256,86,0,0,0,0,0,114,256,256,198,0,0,29,226,256,170,0,0,0,0,0
0,0,0,0,141,256,86,0,0,0,0,29,198,256,256,141,0,0,0,0,0,170,256,86,0,0,0,0
0,0,0,0,256,226,0,0,0,0,114,256,256,256,86,0,0,0,0,0,0,0,114,256,0,0,0,0
0,0,0,0,256,114,0,0,0,170,256,256,170,29,0,0,0,0,0,0,0,0,0,0,0,0,0,0
0,0,0,0,256,141,86,170,256,256,198,57,0,0,0,0,0,0,0,0,0,0,0,0,0,0,0,0
0,0,0,0,256,256,256,256,226,114,0,0,0,0,0,0,0,0,0,0,0,0,0,0,0,0,0,0
0,0,0,0,57,170,170,29,0,0,0,0,0,0,0,0,0,0,0,0,0,0,0,0,0,0,0,0
0,0,0,0,0,0,0,0,0,0,0,0,0,0,0,0,0,0,0,0,0,0,0,0,0,0,0,0
0,0,0,0,0,0,0,0,0,0,0,0,0,0,0,0,0,0,0,0,0,0,0,0,0,0,0,0
0,0,0,0,0,0,0,0,0,0,0,0,0,0,0,0,0,0,0,0,0,0,0,0,0,0,0,0
0,0,0,0,0,0,0,0,0,0,0,0,0,0,0,0,0,0,0,0,0,0,0,0,0,0,0,0
