0,0,0,0,0,0,0,0,0,0,0,0,0,0,0,0,0,0,0,0,0,0,0,0,0,0,0,0
0,0,0,0,0,0,0,0,0,0,0,0,0,0,0,0,0,0,0,0,0,0,0,0,0,0,0,0
0,0,0,0,0,0,0,0,0,0,0,0,0,0,0,0,0,0,0,0,0,0,0,0,0,0,0,0
0,0,0,0,0,0,0,0,0,0,0,0,0,0,0,0,0,0,0,0,0,0,0,0,0,0,0,0
0,0,0,0,0,0,0,0,0,0,0,0,0,0,0,0,0,0,0,0,0,0,0,0,0,0,0,0
0,0,0,0,0,0,0,0,0,0,0,0,0,0,0,0,0,0,0,0,0,0,0,0,0,0,0,0
0,0,0,0,0,0,0,0,0,0,0,0,0,0,0,0,0,0,0,0,0,0,0,0,0,0,0,0
0,0,0,0,0,0,0,0,0,0,0,0,0,0,0,57,86,170,170,256,141,0,0,0,0,0,0,0
0,0,0,0,0,0,0,0,0,0,0,29,114,170,256,256,256,256,256,256,256,141,0,0,0,0,0,0
0,0,0,0,0,0,0,0,86,170,198,256,256,226,198,141,141,57,0,198,256,256,29,0,0,0,0,0
0,0,0,0,0,0,0,0,86,226,256,226,86,0,0,0,0,0,86,256,256,226,0,0,0,0,0,0
0,0,0,0,0,0,0,0,0,0,0,0,0,0,0,0,0,29,226,256,226,114,0,0,0,0,0,0
0,0,0,0,0,0,0,0,0,0,0,0,0,0,0,0,0,141,256,256,170,0,0,0,0,0,0,0
0,0,0,0,0,0,0,0,0,0,0,0,0,0,0,57,170,256,256,256,86,0,0,0,0,0,0,0
0,0,0,0,0,0,0,0,0,0,0,0,29,141,198,256,256,256,256,256,29,0,0,0,0,0,0,0
0,0,0,0,0,0,0,0,0,0,0,57,226,256,256,256,256,256,256,256,256,226,57,0,0,0,0,0
0,0,0,0,0,0,0,0,0,0,29,198,256,256,256,256,226,114,86,114,226,256,256,114,0,0,0,0
0,0,0,0,0,0,0,0,29,170,198,256,256,256,256,226,29,0,0,0,0,114,170,170,0,0,0,0
0,0,0,0,0,0,0,29,114,141,226,256,256,256,198,0,0,0,0,0,0,0,0,0,0,0,0,0
0,0,0,0,0,0,0,29,57,57,256,256,256,141,0,0,0,0,0,0,0,0,0,0,0,0,0,0
0,0,0,0,0,0,29,0,86,226,256,198,170,29,0,0,0,0,0,0,0,0,0,0,0,0,0,0
0,0,0,0,29,86,86,141,256,256,114,0,0,0,0,0,0,0,0,0,0,0,0,0,0,0,0,0
0,0,0,0,170,114,198,226,114,0,0,0,0,0,0,0,0,0,0,0,0,0,0,0,0,0,0,0
0,0,0,0,256,256,256,57,0,0,0,0,0,0,0,0,0,0,0,0,0,0,0,0,0,0,0,0
0,0,0,0,170,114,29,0,0,0,0,0,0,0,0,0,0,0,0,0,0,0,0,0,0,0,0,0
0,0,0,0,0,0,0,0,0,0,0,0,0,0,0,0,0,0,0,0,0,0,0,0,0,0,0,0
0,0,0,0,0,0,0,0,0,0,0,0,0,0,0,0,0,0,0,0,0,0,0,0,0,0,0,0
0,0,0,0,0,0,0,0,0,0,0,0,0,0,0,0,0,0,0,0,0,0,0,0,0,0,0,0
