0,0,0,0,0,0,0,0,0,0,0,0,0,0,0,0,0,0,0,0,0,0,0,0,0,0,0,0
0,0,0,0,0,0,0,0,0,0,0,0,0,0,0,0,0,0,0,0,0,0,0,0,0,0,0,0
0,0,0,0,0,0,0,0,0,0,0,0,0,0,0,0,0,0,0,0,0,0,0,0,0,0,0,0
0,0,0,0,0,0,0,0,0,0,0,0,0,86,86,170,256,198,29,0,0,0,0,0,0,0,0,0
0,0,0,0,0,0,0,0,0,86,141,256,256,256,256,256,198,256,29,0,0,0,0,0,0,0,0,0
0,0,0,0,0,0,0,0,141,256,198,170,141,86,29,0,0,29,0,0,0,0,0,0,0,0,0,0
0,0,0,0,0,0,0,0,86,256,0,0,0,0,0,0,0,0,0,0,0,0,0,0,0,0,0,0
0,0,0,0,0,0,0,0,86,256,29,0,0,0,0,0,0,0,0,0,0,0,0,0,0,0,0,0
0,0,0,0,0,0,0,0,86,256,86,0,0,0,0,0,0,0,0,0,0,0,0,0,0,0,0,0
0,0,0,0,0,0,0,0,114,256,0,0,0,0,0,0,0,0,0,0,0,0,0,0,0,0,0,0
0,0,0,0,0,0,0,0,170,256,0,0,0,0,0,0,0,0,0,0,0,0,0,0,0,0,0,0
0,0,0,0,0,0,0,0,170,256,29,29,86,86,141,86,86,29,0,0,0,0,0,0,0,0,0,0
0,0,0,0,0,0,0,0,86,256,226,256,256,226,170,170,256,226,29,0,0,0,0,0,0,0,0,0
0,0,0,0,0,0,0,0,0,256,256,226,141,0,0,0,29,256,198,0,0,0,0,0,0,0,0,0
0,0,0,0,0,0,0,0,0,198,141,0,0,0,0,0,0,170,256,170,0,0,0,0,0,0,0,0
0,0,0,0,0,0,0,0,0,0,0,0,0,0,0,0,0,0,256,256,86,0,0,0,0,0,0,0
0,0,0,0,0,0,0,0,0,0,0,0,0,0,0,0,0,0,114,256,226,0,0,0,0,0,0,0
0,0,0,0,0,0,0,0,0,0,0,0,0,0,0,0,0,0,0,226,256,0,0,0,0,0,0,0
0,0,0,0,0,0,0,0,0,0,0,0,0,0,0,0,0,0,0,170,256,86,0,0,0,0,0,0
0,0,0,0,0,0,0,0,0,170,29,0,0,0,0,0,0,0,0,226,256,57,0,0,0,0,0,0
0,0,0,0,0,0,0,0,86,256,170,0,0,0,0,0,0,57,198,256,226,0,0,0,0,0,0,0
0,0,0,0,0,0,0,0,0,226,256,226,170,86,170,170,256,256,256,256,57,0,0,0,0,0,0,0
0,0,0,0,0,0,0,0,0,29,170,226,256,256,256,256,256,256,141,29,0,0,0,0,0,0,0,0
0,0,0,0,0,0,0,0,0,0,0,0,0,0,0,0,0,0,0,0,0,0,0,0,0,0,0,0
0,0,0,0,0,0,0,0,0,0,0,0,0,0,0,0,0,0,0,0,0,0,0,0,0,0,0,0
0,0,0,0,0,0,0,0,0,0,0,0,0,0,0,0,0,0,0,0,0,0,0,0,0,0,0,0
0,0,0,0,0,0,0,0,0,0,0,0,0,0,0,0,0,0,0,0,0,0,0,0,0,0,0,0
0,0,0,0,0,0,0,0,0,0,0,0,0,0,0,0,0,0,0,0,0,0,0,0,0,0,0,0
