0,0,0,0,0,0,0,0,0,0,0,0,0,0,0,0,0,0,0,0,0,0,0,0,0,0,0,0
0,0,0,0,0,0,0,0,0,0,0,0,0,0,0,0,0,0,0,0,0,0,0,0,0,0,0,0
0,0,0,0,0,0,0,0,0,0,0,0,0,0,0,0,0,0,0,0,0,0,0,0,0,0,0,0
0,0,0,0,0,0,0,0,0,0,0,0,0,0,0,0,0,0,0,0,0,0,0,0,0,0,0,0
0,0,0,0,0,0,0,0,0,0,0,0,0,0,0,0,0,0,0,0,0,0,0,0,0,0,0,0
0,0,0,0,0,0,0,0,0,0,0,0,0,0,0,0,0,0,0,0,0,0,0,0,0,0,0,0
0,0,0,0,0,0,0,0,0,0,0,0,0,0,0,0,0,0,0,0,0,0,0,0,0,0,0,0
0,0,0,0,0,0,0,0,0,0,0,0,0,0,0,0,0,0,0,0,0,0,0,0,0,0,0,0
0,0,0,0,0,0,0,0,0,0,0,0,0,0,0,0,0,0,0,0,0,0,0,0,0,0,0,0
0,0,0,0,0,0,0,0,0,0,0,0,0,0,0,0,0,0,0,29,86,170,170,114,0,0,0,0
0,0,0,0,0,0,0,0,0,0,0,29,170,114,170,198,256,256,256,256,256,256,256,256,141,0,0,0
0,0,0,0,0,0,0,0,0,0,0,226,256,256,256,256,256,256,256,256,256,256,256,256,198,0,0,0
0,0,0,0,0,0,0,0,0,29,198,256,256,256,256,256,256,256,256,256,256,170,170,114,29,0,0,0
0,0,0,0,0,0,0,0,0,57,256,256,256,226,0,86,86,29,0,0,0,0,0,0,0,0,0,0
0,0,0,0,0,0,0,0,0,0,256,256,256,256,114,0,0,0,0,0,0,0,0,0,0,0,0,0
0,0,0,0,0,141,114,0,0,0,29,170,256,256,256,141,0,0,0,0,0,0,0,0,0,0,0,0
0,0,0,0,0,256,256,226,57,0,0,0,29,170,256,256,170,0,0,0,0,0,0,0,0,0,0,0
0,0,0,0,0,170,256,256,256,170,86,86,86,170,256,256,256,29,0,0,0,0,0,0,0,0,0,0
0,0,0,0,0,0,198,256,256,256,256,256,256,256,256,256,256,141,0,0,0,0,0,0,0,0,0,0
0,0,0,0,0,0,0,86,226,256,256,256,256,256,256,256,170,0,0,0,0,0,0,0,0,0,0,0
0,0,0,0,0,0,0,0,0,29,86,86,86,86,86,0,0,0,0,0,0,0,0,0,0,0,0,0
0,0,0,0,0,0,0,0,0,0,0,0,0,0,0,0,0,0,0,0,0,0,0,0,0,0,0,0
0,0,0,0,0,0,0,0,0,0,0,0,0,0,0,0,0,0,0,0,0,0,0,0,0,0,0,0
0,0,0,0,0,0,0,0,0,0,0,0,0,0,0,0,0,0,0,0,0,0,0,0,0,0,0,0
0,0,0,0,0,0,0,0,0,0,0,0,0,0,0,0,0,0,0,0,0,0,0,0,0,0,0,0
0,0,0,0,0,0,0,0,0,0,0,0,0,0,0,0,0,0,0,0,0,0,0,0,0,0,0,0
0,0,0,0,0,0,0,0,0,0,0,0,0,0,0,0,0,0,0,0,0,0,0,0,0,0,0,0
0,0,0,0,0,0,0,0,0,0,0,0,0,0,0,0,0,0,0,0,0,0,0,0,0,0,0,0
