0,0,0,0,0,0,0,0,0,0,0,0,0,0,0,0,0,0,0,0,0,0,0,0,0,0,0,0
0,0,0,0,0,0,0,0,0,0,0,0,0,0,0,0,0,0,0,0,0,0,0,0,0,0,0,0
0,0,0,0,0,0,0,0,0,0,0,0,0,0,0,0,0,0,0,0,0,0,0,0,0,0,0,0
0,0,0,0,0,0,0,0,0,0,0,0,0,0,0,0,0,0,0,0,0,0,0,0,0,0,0,0
0,0,0,0,0,0,0,0,0,0,0,0,0,0,0,0,0,0,0,0,0,0,0,0,0,0,0,0
0,0,0,0,0,0,0,0,0,0,0,0,0,0,0,0,0,0,0,0,0,0,0,0,0,0,0,0
0,0,0,0,0,0,0,0,0,0,0,0,0,0,0,0,0,0,0,0,0,0,0,0,0,0,0,0
0,0,0,0,0,0,0,0,0,0,0,0,0,0,57,57,0,0,0,0,0,0,0,0,0,0,0,0
0,0,0,0,0,0,0,0,0,0,0,0,0,86,256,256,226,86,0,0,0,0,0,0,0,0,0,0
0,0,0,0,0,0,0,0,0,0,0,0,86,256,226,141,226,256,256,170,170,114,141,170,170,170,0,0
0,0,0,0,0,0,0,0,0,0,0,29,226,256,86,0,0,114,170,198,170,198,170,170,141,57,0,0
0,0,0,0,0,0,0,0,0,0,0,170,256,141,0,0,0,0,0,0,0,0,0,0,0,0,0,0
0,0,0,0,0,0,0,0,0,0,86,256,198,0,29,114,114,170,226,170,86,0,0,0,0,0,0,0
0,0,0,0,0,0,0,0,0,0,114,256,256,256,256,256,256,256,226,256,256,0,0,0,0,0,0,0
0,0,0,0,0,0,0,0,0,0,141,256,198,170,141,86,0,0,0,226,256,0,0,0,0,0,0,0
0,0,0,0,0,0,0,0,0,0,29,0,0,0,0,0,0,0,114,256,141,0,0,0,0,0,0,0
0,0,0,0,0,0,0,0,0,0,0,0,0,0,0,0,0,86,256,226,0,0,0,0,0,0,0,0
0,0,0,0,0,0,86,141,29,0,0,0,0,0,0,0,0,198,256,86,0,0,0,0,0,0,0,0
0,0,0,0,0,0,198,256,170,0,0,0,0,0,0,57,170,256,114,0,0,0,0,0,0,0,0,0
0,0,0,0,0,0,198,226,114,0,0,0,29,86,170,256,256,141,0,0,0,0,0,0,0,0,0,0
0,0,0,0,0,0,198,226,86,170,226,256,256,256,256,256,29,0,0,0,0,0,0,0,0,0,0,0
0,0,0,0,0,0,86,256,256,256,256,170,86,86,57,0,0,0,0,0,0,0,0,0,0,0,0,0
0,0,0,0,0,0,0,29,86,0,0,0,0,0,0,0,0,0,0,0,0,0,0,0,0,0,0,0
0,0,0,0,0,0,0,0,0,0,0,0,0,0,0,0,0,0,0,0,0,0,0,0,0,0,0,0
0,0,0,0,0,0,0,0,0,0,0,0,0,0,0,0,0,0,0,0,0,0,0,0,0,0,0,0
0,0,0,0,0,0,0,0,0,0,0,0,0,0,0,0,0,0,0,0,0,0,0,0,0,0,0,0
0,0,0,0,0,0,0,0,0,0,0,0,0,0,0,0,0,0,0,0,0,0,0,0,0,0,0,0
0,0,0,0,0,0,0,0,0,0,0,0,0,0,0,0,0,0,0,0,0,0,0,0,0,0,0,0
