0,0,0,0,0,0,0,0,0,0,0,0,0,0,0,0,0,0,0,0,0,0,0,0,0,0,0,0
0,0,0,0,0,0,0,0,0,0,0,0,0,0,0,0,0,0,0,0,0,0,0,0,0,0,0,0
0,0,0,0,0,0,0,0,0,0,0,0,0,0,0,0,0,0,0,0,0,0,0,0,0,0,0,0
0,0,0,0,0,0,0,0,0,0,0,0,0,0,0,0,0,0,0,0,0,0,0,0,0,0,0,0
0,0,0,0,0,0,0,0,0,0,0,0,0,0,0,0,0,0,0,0,0,0,0,0,0,0,0,0
0,0,0,0,0,0,0,0,0,0,0,0,141,256,256,256,198,198,170,141,57,0,0,0,0,0,0,0
0,0,0,0,0,0,0,0,0,0,0,170,256,226,198,256,256,256,256,256,256,170,0,0,0,0,0,0
0,0,0,0,0,0,0,0,0,0,114,256,198,29,114,114,86,29,226,170,86,256,86,0,0,0,0,0
0,0,0,0,0,0,0,0,0,0,226,256,29,0,0,0,0,0,226,141,0,198,170,0,0,0,0,0
0,0,0,0,0,0,0,0,0,86,256,170,0,0,0,0,0,0,29,0,0,170,170,0,0,0,0,0
0,0,0,0,0,0,0,0,0,86,256,114,0,0,0,0,0,0,0,0,0,226,170,0,0,0,0,0
0,0,0,0,0,0,0,0,0,86,256,86,0,0,0,0,0,0,0,0,86,256,114,0,0,0,0,0
0,0,0,0,0,0,0,0,29,141,256,141,0,0,0,0,0,0,0,86,226,226,0,0,0,0,0,0
0,0,0,0,0,0,0,86,226,256,256,256,141,0,86,141,86,141,198,256,226,29,0,0,0,0,0,0
0,0,0,0,0,0,57,256,256,170,114,226,256,256,226,256,256,256,256,256,57,0,0,0,0,0,0,0
0,0,0,0,0,29,226,256,198,0,0,29,141,170,170,170,170,86,141,256,226,86,0,0,0,0,0,0
0,0,0,0,0,141,256,226,29,0,0,0,0,0,0,0,0,0,0,29,170,256,57,0,0,0,0,0
0,0,0,0,0,256,256,141,0,0,0,0,0,0,0,0,0,0,0,0,29,226,170,0,0,0,0,0
0,0,0,0,0,256,256,0,0,0,0,0,0,0,0,0,0,0,0,0,0,198,170,0,0,0,0,0
0,0,0,0,0,141,256,57,0,0,0,0,0,0,0,0,0,0,0,0,57,256,170,0,0,0,0,0
0,0,0,0,0,57,256,198,29,0,0,0,0,0,0,0,0,0,0,29,226,256,86,0,0,0,0,0
0,0,0,0,0,0,114,256,226,57,0,0,0,0,0,0,0,0,29,198,256,141,0,0,0,0,0,0
0,0,0,0,0,0,0,86,256,256,198,57,29,0,0,0,0,114,226,256,114,0,0,0,0,0,0,0
0,0,0,0,0,0,0,0,29,198,256,256,256,256,198,198,198,256,226,86,0,0,0,0,0,0,0,0
0,0,0,0,0,0,0,0,0,0,29,114,170,226,256,256,198,57,0,0,0,0,0,0,0,0,0,0
0,0,0,0,0,0,0,0,0,0,0,0,0,0,0,0,0,0,0,0,0,0,0,0,0,0,0,0
0,0,0,0,0,0,0,0,0,0,0,0,0,0,0,0,0,0,0,0,0,0,0,0,0,0,0,0
0,0,0,0,0,0,0,0,0,0,0,0,0,0,0,0,0,0,0,0,0,0,0,0,0,0,0,0
