0,0,0,0,0,0,0,0,0,0,0,0,0,0,0,0,0,0,0,0,0,0,0,0,0,0,0,0
0,0,0,0,0,0,0,0,0,0,0,0,0,0,0,0,0,0,0,0,0,0,0,0,0,0,0,0
0,0,0,0,0,0,0,0,0,0,0,0,0,0,0,0,0,0,0,0,0,0,0,0,0,0,0,0
0,0,0,0,0,0,0,0,0,0,0,0,0,0,0,0,0,0,0,0,0,0,0,0,0,0,0,0
0,0,0,0,0,0,0,0,0,0,0,0,0,0,0,0,0,0,0,0,0,0,0,0,0,0,0,0
0,0,0,0,0,0,0,0,0,0,0,0,57,256,57,0,29,57,0,0,0,0,0,0,0,0,0,0
0,0,0,0,0,0,0,0,0,0,0,114,256,226,226,57,226,256,141,0,0,0,0,0,0,0,0,0
0,0,0,0,0,0,0,0,0,0,57,256,141,29,256,57,0,114,170,0,0,0,0,0,0,0,0,0
0,0,0,0,0,0,0,0,0,0,256,170,0,0,226,0,0,86,141,0,0,0,0,0,0,0,0,0
0,0,0,0,0,0,0,0,0,114,226,0,0,0,0,0,0,114,86,0,0,0,0,0,0,0,0,0
0,0,0,0,0,0,0,0,0,170,114,0,0,0,0,0,0,198,86,0,0,0,0,0,0,0,0,0
0,0,0,0,0,0,0,0,0,170,114,0,0,0,0,0,86,256,29,0,0,0,0,0,0,0,0,0
0,0,0,0,0,0,0,0,0,114,256,29,0,0,0,0,198,86,0,0,0,0,0,0,0,0,0,0
0,0,0,0,0,0,0,0,0,0,198,170,0,0,0,86,170,0,0,0,0,0,0,0,0,0,0,0
0,0,0,0,0,0,0,0,0,0,29,256,198,29,0,198,57,0,0,0,0,0,0,0,0,0,0,0
0,0,0,0,0,0,0,0,0,0,0,57,226,256,256,226,0,0,0,0,0,0,0,0,0,0,0,0
0,0,0,0,0,0,0,0,0,0,0,0,0,141,256,256,226,114,29,0,0,0,0,0,0,0,0,0
0,0,0,0,0,0,0,0,0,0,0,0,0,57,170,86,141,226,226,29,0,0,0,0,0,0,0,0
0,0,0,0,0,0,0,0,0,0,0,0,0,170,86,0,0,0,170,198,0,0,0,0,0,0,0,0
0,0,0,0,0,0,0,0,0,0,0,0,0,170,29,0,0,0,0,198,29,0,0,0,0,0,0,0
0,0,0,0,0,0,0,0,0,0,0,0,0,226,0,0,0,0,0,170,0,0,0,0,0,0,0,0
0,0,0,0,0,0,0,0,0,0,0,0,0,170,29,0,0,0,29,198,0,0,0,0,0,0,0,0
0,0,0,0,0,0,0,0,0,0,0,0,0,170,114,0,0,0,198,86,0,0,0,0,0,0,0,0
0,0,0,0,0,0,0,0,0,0,0,0,0,86,256,114,86,226,170,0,0,0,0,0,0,0,0,0
0,0,0,0,0,0,0,0,0,0,0,0,0,0,114,256,256,198,29,0,0,0,0,0,0,0,0,0
0,0,0,0,0,0,0,0,0,0,0,0,0,0,0,0,0,0,0,0,0,0,0,0,0,0,0,0
0,0,0,0,0,0,0,0,0,0,0,0,0,0,0,0,0,0,0,0,0,0,0,0,0,0,0,0
0,0,0,0,0,0,0,0,0,0,0,0,0,0,0,0,0,0,0,0,0,0,0,0,0,0,0,0
