0,0,0,0,0,0,0,0,0,0,0,0,0,0,0,0,0,0,0,0,0,0,0,0,0,0,0,0
0,0,0,0,0,0,0,0,0,0,0,0,0,0,0,0,0,0,0,0,0,0,0,0,0,0,0,0
0,0,0,0,0,0,0,0,0,0,0,0,0,0,0,0,0,0,0,0,0,0,0,0,0,0,0,0
0,0,0,0,0,0,0,0,0,0,0,0,0,0,0,0,0,0,0,0,0,0,0,0,0,0,0,0
0,0,0,0,0,0,0,0,0,0,0,0,0,0,0,0,0,0,0,0,0,0,0,0,0,0,0,0
0,0,0,0,0,0,0,0,0,0,0,0,141,256,256,256,256,198,141,57,0,0,0,0,0,0,0,0
0,0,0,0,0,0,0,0,0,0,29,226,198,86,86,86,86,170,226,256,141,0,0,0,0,0,0,0
0,0,0,0,0,0,0,0,0,0,226,86,0,0,0,0,0,0,0,57,256,141,0,0,0,0,0,0
0,0,0,0,0,0,0,0,0,170,141,0,0,0,0,0,0,0,0,0,114,256,29,0,0,0,0,0
0,0,0,0,0,0,0,0,0,141,198,0,0,0,0,0,0,0,0,0,0,256,86,0,0,0,0,0
0,0,0,0,0,0,0,0,0,57,256,114,0,0,0,0,0,0,0,0,141,198,0,0,0,0,0,0
0,0,0,0,0,0,0,0,0,0,114,198,0,0,0,0,0,0,57,198,256,57,0,0,0,0,0,0
0,0,0,0,0,0,0,0,0,0,0,198,114,0,0,29,114,198,256,198,57,0,0,0,0,0,0,0
0,0,0,0,0,0,0,0,0,0,0,114,256,198,226,256,226,170,57,0,0,0,0,0,0,0,0,0
0,0,0,0,0,0,0,0,0,0,0,86,256,256,170,57,0,0,0,0,0,0,0,0,0,0,0,0
0,0,0,0,0,0,0,0,0,0,57,256,198,226,198,0,0,0,0,0,0,0,0,0,0,0,0,0
0,0,0,0,0,0,0,0,0,29,226,170,0,29,256,86,0,0,0,0,0,0,0,0,0,0,0,0
0,0,0,0,0,0,0,0,0,198,170,0,0,0,170,226,29,0,0,0,0,0,0,0,0,0,0,0
0,0,0,0,0,0,0,0,114,256,57,0,0,0,86,256,86,0,0,0,0,0,0,0,0,0,0,0
0,0,0,0,0,0,0,0,170,114,0,0,0,0,0,141,141,0,0,0,0,0,0,0,0,0,0,0
0,0,0,0,0,0,0,29,256,86,0,0,0,0,0,86,256,0,0,0,0,0,0,0,0,0,0,0
0,0,0,0,0,0,0,86,256,29,0,0,0,0,0,114,170,0,0,0,0,0,0,0,0,0,0,0
0,0,0,0,0,0,0,86,256,29,0,0,0,57,141,226,29,0,0,0,0,0,0,0,0,0,0,0
0,0,0,0,0,0,0,57,256,198,170,170,226,256,141,29,0,0,0,0,0,0,0,0,0,0,0,0
0,0,0,0,0,0,0,0,114,198,256,170,86,29,0,0,0,0,0,0,0,0,0,0,0,0,0,0
0,0,0,0,0,0,0,0,0,0,0,0,0,0,0,0,0,0,0,0,0,0,0,0,0,0,0,0
0,0,0,0,0,0,0,0,0,0,0,0,0,0,0,0,0,0,0,0,0,0,0,0,0,0,0,0
0,0,0,0,0,0,0,0,0,0,0,0,0,0,0,0,0,0,0,0,0,0,0,0,0,0,0,0
