0,0,0,0,0,0,0,0,0,0,0,0,0,0,0,0,0,0,0,0,0,0,0,0,0,0,0,0
0,0,0,0,0,0,0,0,0,0,0,0,0,0,0,0,0,0,0,0,0,0,0,0,0,0,0,0
0,0,0,0,0,0,0,0,0,0,0,0,0,0,0,0,0,0,0,0,0,0,0,0,0,0,0,0
0,0,0,0,0,0,0,0,0,0,0,0,0,0,0,0,0,0,0,0,0,0,0,0,0,0,0,0
0,0,0,0,0,0,0,0,0,0,0,0,0,0,0,0,0,0,0,0,0,0,0,0,0,0,0,0
0,0,0,0,0,0,0,0,0,57,198,170,114,29,0,0,0,0,0,0,0,0,0,0,0,0,0,0
0,0,0,0,0,0,0,0,0,170,256,198,256,256,198,86,0,0,0,0,0,0,0,0,0,0,0,0
0,0,0,0,0,0,0,0,0,86,256,57,29,141,198,256,198,29,0,0,0,0,0,0,0,0,0,0
0,0,0,0,0,0,0,0,0,86,256,114,0,0,0,29,170,226,86,0,0,0,0,0,0,0,0,0
0,0,0,0,0,0,0,0,0,29,256,170,0,0,0,0,0,114,256,114,0,0,0,0,0,0,0,0
0,0,0,0,0,0,0,0,0,0,170,226,29,0,0,0,0,0,170,256,86,0,0,0,0,0,0,0
0,0,0,0,0,0,0,0,0,0,57,256,114,0,0,0,0,0,29,256,170,0,0,0,0,0,0,0
0,0,0,0,0,0,0,0,0,0,0,170,198,0,0,0,0,0,57,256,141,0,0,0,0,0,0,0
0,0,0,0,0,0,0,0,0,0,0,29,256,141,0,0,29,114,226,198,0,0,0,0,0,0,0,0
0,0,0,0,0,0,0,0,0,0,0,0,141,256,226,256,256,256,170,0,0,0,0,0,0,0,0,0
0,0,0,0,0,0,0,0,0,0,0,29,226,256,256,256,198,256,86,0,0,0,0,0,0,0,0,0
0,0,0,0,0,0,0,0,0,0,0,170,256,141,256,114,29,256,86,0,0,0,0,0,0,0,0,0
0,0,0,0,0,0,0,0,0,0,86,256,170,0,170,198,0,86,0,0,0,0,0,0,0,0,0,0
0,0,0,0,0,0,0,0,0,0,141,256,86,0,57,226,141,0,0,0,0,0,0,0,0,0,0,0
0,0,0,0,0,0,0,0,0,0,170,256,86,0,0,86,226,29,0,0,0,0,0,0,0,0,0,0
0,0,0,0,0,0,0,0,0,0,86,256,86,0,0,29,256,141,0,0,0,0,0,0,0,0,0,0
0,0,0,0,0,0,0,0,0,0,29,256,226,0,0,0,86,226,29,0,0,0,0,0,0,0,0,0
0,0,0,0,0,0,0,0,0,0,0,170,256,114,0,0,86,256,86,0,0,0,0,0,0,0,0,0
0,0,0,0,0,0,0,0,0,0,0,29,226,256,198,198,256,170,0,0,0,0,0,0,0,0,0,0
0,0,0,0,0,0,0,0,0,0,0,0,29,170,256,141,86,0,0,0,0,0,0,0,0,0,0,0
0,0,0,0,0,0,0,0,0,0,0,0,0,0,0,0,0,0,0,0,0,0,0,0,0,0,0,0
0,0,0,0,0,0,0,0,0,0,0,0,0,0,0,0,0,0,0,0,0,0,0,0,0,0,0,0
0,0,0,0,0,0,0,0,0,0,0,0,0,0,0,0,0,0,0,0,0,0,0,0,0,0,0,0
