0,0,0,0,0,0,0,0,0,0,0,0,0,0,0,0,0,0,0,0,0,0,0,0,0,0,0,0
0,0,0,0,0,0,0,0,0,0,0,0,0,0,0,0,0,0,0,0,0,0,0,0,0,0,0,0
0,0,0,0,0,0,0,0,0,0,0,0,0,0,0,0,0,0,0,0,0,0,0,0,0,0,0,0
0,0,0,0,0,0,0,0,0,0,0,0,0,0,0,0,0,0,0,0,0,0,0,0,0,0,0,0
0,0,0,0,0,0,0,0,0,0,0,0,0,0,0,0,0,0,0,0,0,0,0,0,0,0,0,0
0,0,0,0,0,0,0,0,0,0,0,0,0,0,57,141,256,198,170,57,0,0,0,0,0,0,0,0
0,0,0,0,0,0,0,0,0,0,0,0,0,114,141,57,0,0,86,226,141,0,0,0,0,0,0,0
0,0,0,0,0,0,0,0,0,0,0,29,170,114,0,0,0,0,0,29,170,170,0,0,0,0,0,0
0,0,0,0,0,0,0,0,0,0,0,198,141,0,0,0,0,0,0,0,29,226,29,0,0,0,0,0
0,0,0,0,0,0,0,0,0,0,57,226,0,0,0,0,0,0,0,0,86,256,0,0,0,0,0,0
0,0,0,0,0,0,0,0,0,0,256,57,0,0,0,0,0,0,0,57,256,256,256,170,0,0,0,0
0,0,0,0,0,0,0,0,0,57,256,0,0,0,0,0,0,0,57,256,256,256,170,29,0,0,0,0
0,0,0,0,0,0,0,0,0,86,256,0,0,0,0,0,57,198,256,256,198,57,0,0,0,0,0,0
0,0,0,0,0,0,0,0,0,57,256,57,0,0,29,198,256,226,114,29,0,0,0,0,0,0,0,0
0,0,0,0,0,0,0,0,0,0,170,256,29,114,256,256,86,0,0,0,0,0,0,0,0,0,0,0
0,0,0,0,0,0,0,0,0,0,0,256,256,256,114,29,0,0,0,0,0,0,0,0,0,0,0,0
0,0,0,0,0,0,0,0,0,0,114,256,198,256,29,0,0,0,0,0,0,0,0,0,0,0,0,0
0,0,0,0,0,0,0,0,0,198,170,57,0,57,226,141,0,0,0,0,0,0,0,0,0,0,0,0
0,0,0,0,0,0,0,29,86,170,0,0,0,0,29,256,0,0,0,0,0,0,0,0,0,0,0,0
0,0,0,0,0,0,0,226,86,0,0,0,0,0,0,256,0,0,0,0,0,0,0,0,0,0,0,0
0,0,0,0,0,0,114,226,0,0,0,0,0,0,29,256,0,0,0,0,0,0,0,0,0,0,0,0
0,0,0,0,0,0,114,86,0,0,0,0,0,29,226,226,0,0,0,0,0,0,0,0,0,0,0,0
0,0,0,0,0,0,256,57,0,0,0,0,57,226,226,29,0,0,0,0,0,0,0,0,0,0,0,0
0,0,0,0,0,0,86,226,86,86,170,256,256,114,0,0,0,0,0,0,0,0,0,0,0,0,0,0
0,0,0,0,0,0,0,141,170,256,170,86,29,0,0,0,0,0,0,0,0,0,0,0,0,0,0,0
0,0,0,0,0,0,0,0,0,0,0,0,0,0,0,0,0,0,0,0,0,0,0,0,0,0,0,0
0,0,0,0,0,0,0,0,0,0,0,0,0,0,0,0,0,0,0,0,0,0,0,0,0,0,0,0
0,0,0,0,0,0,0,0,0,0,0,0,0,0,0,0,0,0,0,0,0,0,0,0,0,0,0,0
