0,0,0,0,0,0,0,0,0,0,0,0,0,0,0,0,0,0,0,0,0,0,0,0,0,0,0,0
0,0,0,0,0,0,0,0,0,0,0,0,0,0,0,0,0,0,0,0,0,0,0,0,0,0,0,0
0,0,0,0,0,0,0,0,0,0,0,0,0,0,0,0,0,0,0,0,0,0,0,0,0,0,0,0
0,0,0,0,0,0,0,0,0,0,0,0,0,0,0,0,0,0,0,0,0,0,0,0,0,0,0,0
0,0,0,0,0,0,0,0,0,0,0,0,0,0,0,0,0,0,0,86,256,198,86,0,0,0,0,0
0,0,0,0,0,0,0,0,0,0,0,0,0,0,0,0,0,29,170,256,256,256,256,29,0,0,0,0
0,0,0,0,0,0,0,0,0,0,0,0,0,0,29,114,198,256,256,226,114,0,86,0,0,0,0,0
0,0,0,0,0,0,0,0,0,0,0,0,114,198,256,256,226,170,57,0,0,0,0,0,0,0,0,0
0,0,0,0,0,0,0,0,0,0,0,141,256,256,170,57,0,0,0,0,114,0,0,0,0,0,0,0
0,0,0,0,0,0,0,0,0,0,0,226,226,29,0,0,0,0,29,198,141,0,0,0,0,0,0,0
0,0,0,0,0,0,0,0,0,0,0,226,198,0,0,0,0,86,226,198,29,0,0,0,0,0,0,0
0,0,0,0,0,0,0,0,0,0,0,141,256,141,0,0,114,256,198,29,0,0,0,0,0,0,0,0
0,0,0,0,0,0,0,0,0,0,0,57,226,226,29,141,256,226,29,0,0,0,0,0,0,0,0,0
0,0,0,0,0,0,0,0,0,0,0,0,114,256,226,256,198,29,0,0,0,0,0,0,0,0,0,0
0,0,0,0,0,0,0,0,0,0,0,0,86,256,256,198,29,0,0,0,0,0,0,0,0,0,0,0
0,0,0,0,0,0,0,0,0,0,0,0,141,256,256,86,0,0,0,0,0,0,0,0,0,0,0,0
0,0,0,0,0,0,0,0,0,0,0,114,256,226,256,170,0,0,0,0,0,0,0,0,0,0,0,0
0,0,0,0,0,0,0,0,0,0,57,256,198,86,256,170,0,0,0,0,0,0,0,0,0,0,0,0
0,0,0,0,0,0,0,0,0,29,170,256,57,29,256,170,0,0,0,0,0,0,0,0,0,0,0,0
0,0,0,0,0,0,0,0,0,114,256,170,0,86,256,198,0,0,0,0,0,0,0,0,0,0,0,0
0,0,0,0,0,0,0,0,57,256,198,0,0,114,256,170,0,0,0,0,0,0,0,0,0,0,0,0
0,0,0,0,0,0,0,0,86,256,170,0,57,256,256,29,0,0,0,0,0,0,0,0,0,0,0,0
0,0,0,0,0,0,0,0,86,256,226,226,256,226,86,0,0,0,0,0,0,0,0,0,0,0,0,0
0,0,0,0,0,0,0,0,0,170,226,256,170,57,0,0,0,0,0,0,0,0,0,0,0,0,0,0
0,0,0,0,0,0,0,0,0,0,0,0,0,0,0,0,0,0,0,0,0,0,0,0,0,0,0,0
0,0,0,0,0,0,0,0,0,0,0,0,0,0,0,0,0,0,0,0,0,0,0,0,0,0,0,0
0,0,0,0,0,0,0,0,0,0,0,0,0,0,0,0,0,0,0,0,0,0,0,0,0,0,0,0
0,0,0,0,0,0,0,0,0,0,0,0,0,0,0,0,0,0,0,0,0,0,0,0,0,0,0,0
