0,0,0,0,0,0,0,0,0,0,0,0,0,0,0,0,0,0,0,0,0,0,0,0,0,0,0,0
0,0,0,0,0,0,0,0,0,0,0,0,0,0,0,0,0,0,0,0,0,0,0,0,0,0,0,0
0,0,0,0,0,0,0,0,0,0,0,0,0,0,0,0,0,0,0,0,0,0,0,0,0,0,0,0
0,0,0,0,0,0,0,0,0,0,0,0,0,0,0,0,0,0,0,0,0,0,0,0,0,0,0,0
0,0,0,0,0,0,0,0,0,0,0,0,0,0,0,0,86,86,170,256,256,256,198,29,0,0,0,0
0,0,0,0,0,0,0,0,0,0,0,0,0,0,57,170,256,256,256,226,114,86,226,256,29,0,0,0
0,0,0,0,0,0,0,0,0,0,0,0,0,198,256,256,198,86,0,0,0,0,0,226,57,0,0,0
0,0,0,0,0,0,0,0,0,0,0,0,226,256,226,86,0,0,0,0,0,0,0,29,29,0,0,0
0,0,0,0,0,0,0,0,0,0,0,198,256,141,0,0,0,0,0,0,0,0,0,0,0,0,0,0
0,0,0,0,0,0,0,0,0,0,0,226,256,29,0,0,0,0,0,0,0,0,170,114,0,0,0,0
0,0,0,0,0,0,0,0,0,0,86,256,170,0,0,0,0,0,0,0,29,226,226,0,0,0,0,0
0,0,0,0,0,0,0,0,0,0,57,256,170,0,0,0,0,0,0,141,256,226,29,0,57,0,0,0
0,0,0,0,0,0,0,0,0,0,0,256,256,0,0,0,0,141,256,256,198,29,0,0,0,0,0,0
0,0,0,0,0,0,0,0,0,0,0,141,256,226,114,226,256,256,256,170,0,0,0,0,0,0,0,0
0,0,0,0,0,0,0,0,0,0,0,0,226,256,256,256,226,170,0,0,0,0,0,0,0,0,0,0
0,0,0,0,0,0,0,0,0,0,0,114,226,256,256,226,57,0,0,0,0,0,0,0,0,0,0,0
0,0,0,0,0,0,0,0,0,114,256,256,226,114,198,256,114,0,0,0,0,0,0,0,0,0,0,0
0,0,0,0,0,0,0,57,198,256,256,86,0,0,57,226,226,29,0,0,0,0,0,0,0,0,0,0
0,0,0,0,0,0,114,256,256,114,29,0,0,0,0,198,256,57,0,0,0,0,0,0,0,0,0,0
0,0,0,0,0,57,226,256,141,0,0,0,0,0,0,198,256,57,0,0,0,0,0,0,0,0,0,0
0,0,0,0,0,226,256,57,0,0,0,0,0,0,29,226,256,29,0,0,0,0,0,0,0,0,0,0
0,0,0,0,0,256,226,0,0,0,0,0,29,114,226,256,170,0,0,0,0,0,0,0,0,0,0,0
0,0,0,0,0,170,256,256,170,170,170,198,256,256,256,170,0,0,0,0,0,0,0,0,0,0,0,0
0,0,0,0,0,0,141,226,256,256,256,256,198,141,57,0,0,0,0,0,0,0,0,0,0,0,0,0
0,0,0,0,0,0,0,0,0,0,0,0,0,0,0,0,0,0,0,0,0,0,0,0,0,0,0,0
0,0,0,0,0,0,0,0,0,0,0,0,0,0,0,0,0,0,0,0,0,0,0,0,0,0,0,0
0,0,0,0,0,0,0,0,0,0,0,0,0,0,0,0,0,0,0,0,0,0,0,0,0,0,0,0
0,0,0,0,0,0,0,0,0,0,0,0,0,0,0,0,0,0,0,0,0,0,0,0,0,0,0,0
