0,0,0,0,0,0,0,0,0,0,0,0,0,0,0,0,0,0,0,0,0,0,0,0,0,0,0,0
0,0,0,0,0,0,0,0,0,0,0,0,0,0,0,0,0,0,0,0,0,0,0,0,0,0,0,0
0,0,0,0,0,0,0,0,0,0,0,0,0,0,0,0,0,0,0,0,0,0,0,0,0,0,0,0
0,0,0,0,0,0,0,0,0,0,0,0,0,0,0,0,0,0,0,0,0,0,0,0,0,0,0,0
0,0,0,0,0,0,0,0,0,0,0,0,0,0,0,0,0,0,0,0,0,0,0,0,0,0,0,0
0,0,0,0,0,0,0,0,0,0,0,0,0,0,0,0,57,86,170,170,170,170,57,0,0,0,0,0
0,0,0,0,0,0,0,0,0,0,0,0,0,0,114,198,256,256,256,256,256,256,256,141,0,0,0,0
0,0,0,0,0,0,0,0,0,0,0,0,0,198,256,256,170,141,86,57,86,114,256,256,86,0,0,0
0,0,0,0,0,0,0,0,0,0,0,0,170,256,226,86,0,0,0,0,0,0,57,226,256,198,0,0
0,0,0,0,0,0,0,0,0,0,0,114,256,226,0,0,0,0,0,29,141,198,256,256,256,86,0,0
0,0,0,0,0,0,0,0,0,0,29,256,226,29,0,0,0,29,114,256,256,226,170,86,0,0,0,0
0,0,0,0,0,0,0,0,0,0,86,256,86,0,0,57,170,256,256,170,86,0,0,0,0,0,0,0
0,0,0,0,0,0,0,0,0,0,141,226,29,86,170,256,256,170,57,0,0,0,0,0,0,0,0,0
0,0,0,0,0,0,0,0,0,0,198,226,170,256,256,198,57,0,0,0,0,0,0,0,0,0,0,0
0,0,0,0,0,0,0,0,0,0,170,256,256,256,86,0,0,0,0,0,0,0,0,0,0,0,0,0
0,0,0,0,0,0,0,0,0,29,256,256,256,29,0,0,0,0,0,0,0,0,0,0,0,0,0,0
0,0,0,0,0,0,0,0,29,198,256,256,256,198,0,0,0,0,0,0,0,0,0,0,0,0,0,0
0,0,0,0,0,0,0,29,226,256,114,29,256,256,114,0,0,0,0,0,0,0,0,0,0,0,0,0
0,0,0,0,0,0,57,226,256,226,29,0,0,226,256,86,0,0,0,0,0,0,0,0,0,0,0,0
0,0,0,0,0,0,226,256,141,0,0,0,0,86,226,226,29,0,0,0,0,0,0,0,0,0,0,0
0,0,0,0,0,0,226,256,29,0,0,0,0,0,170,256,170,29,0,0,0,0,0,0,0,0,0,0
0,0,0,0,0,0,226,256,29,0,0,0,0,0,57,256,256,29,0,0,0,0,0,0,0,0,0,0
0,0,0,0,0,0,114,256,198,114,86,86,141,256,256,256,256,0,0,0,0,0,0,0,0,0,0,0
0,0,0,0,0,0,29,170,256,256,256,256,256,256,198,141,0,0,0,0,0,0,0,0,0,0,0,0
0,0,0,0,0,0,0,0,29,86,114,170,114,29,0,0,0,0,0,0,0,0,0,0,0,0,0,0
0,0,0,0,0,0,0,0,0,0,0,0,0,0,0,0,0,0,0,0,0,0,0,0,0,0,0,0
0,0,0,0,0,0,0,0,0,0,0,0,0,0,0,0,0,0,0,0,0,0,0,0,0,0,0,0
0,0,0,0,0,0,0,0,0,0,0,0,0,0,0,0,0,0,0,0,0,0,0,0,0,0,0,0
