0,0,0,0,0,0,0,0,0,0,0,0,0,0,0,0,0,0,0,0,0,0,0,0,0,0,0,0
0,0,0,0,0,0,0,0,0,0,0,0,0,0,0,0,0,0,0,0,0,0,0,0,0,0,0,0
0,0,0,0,0,0,0,0,0,0,0,0,0,0,0,0,0,0,0,0,0,0,0,0,0,0,0,0
0,0,0,0,0,0,0,0,0,0,0,0,0,0,0,0,0,0,0,0,0,0,0,0,0,0,0,0
0,0,0,0,0,0,0,0,0,0,0,0,0,0,0,86,256,170,0,0,0,0,0,0,0,0,0,0
0,0,0,0,0,0,0,0,0,0,0,0,0,29,57,256,256,256,86,0,0,0,0,0,0,0,0,0
0,0,0,0,0,0,0,0,0,0,0,0,0,57,226,226,226,256,226,0,0,0,0,0,0,0,0,0
0,0,0,0,0,0,0,0,0,0,0,0,0,141,256,86,198,256,256,0,0,0,0,0,0,0,0,0
0,0,0,0,0,0,0,0,0,86,198,198,256,256,256,256,226,256,256,0,0,0,0,0,0,0,0,0
0,0,0,0,0,0,0,0,0,256,256,256,256,256,256,256,141,256,256,0,0,0,0,0,0,0,0,0
0,0,0,0,0,0,0,0,0,226,256,256,226,114,86,57,86,256,256,0,0,0,0,0,0,0,0,0
0,0,0,0,0,0,0,0,0,29,256,256,226,29,0,0,226,256,170,0,0,0,0,0,0,0,0,0
0,0,0,0,0,0,0,0,0,0,29,198,256,256,29,29,256,256,57,0,0,0,0,0,0,0,0,0
0,0,0,0,0,0,0,0,0,0,0,29,170,256,226,226,256,226,0,0,0,0,0,0,0,0,0,0
0,0,0,0,0,0,0,0,0,0,0,0,0,226,256,256,256,86,0,0,0,0,0,0,0,0,0,0
0,0,0,0,0,0,0,0,0,0,0,0,29,226,256,256,256,0,0,0,0,0,0,0,0,0,0,0
0,0,0,0,0,0,0,0,0,0,0,29,226,256,256,256,256,57,0,0,0,0,0,0,0,0,0,0
0,0,0,0,0,0,0,0,0,0,29,256,256,256,141,29,256,226,0,0,0,0,0,0,0,0,0,0
0,0,0,0,0,0,0,0,0,0,256,256,256,114,0,0,114,256,86,0,0,0,0,0,0,0,0,0
0,0,0,0,0,0,0,0,0,141,256,256,114,0,0,0,0,226,256,0,0,0,0,0,0,0,0,0
0,0,0,0,0,0,0,0,0,256,256,114,0,0,0,0,0,86,256,0,0,0,0,0,0,0,0,0
0,0,0,0,0,0,0,0,0,256,256,256,170,141,86,86,86,198,256,0,0,0,0,0,0,0,0,0
0,0,0,0,0,0,0,0,0,256,256,256,256,256,256,256,256,256,256,0,0,0,0,0,0,0,0,0
0,0,0,0,0,0,0,0,0,0,114,170,170,256,256,226,198,170,57,0,0,0,0,0,0,0,0,0
0,0,0,0,0,0,0,0,0,0,0,0,0,0,0,0,0,0,0,0,0,0,0,0,0,0,0,0
0,0,0,0,0,0,0,0,0,0,0,0,0,0,0,0,0,0,0,0,0,0,0,0,0,0,0,0
0,0,0,0,0,0,0,0,0,0,0,0,0,0,0,0,0,0,0,0,0,0,0,0,0,0,0,0
0,0,0,0,0,0,0,0,0,0,0,0,0,0,0,0,0,0,0,0,0,0,0,0,0,0,0,0
