0,0,0,0,0,0,0,0,0,0,0,0,0,0,0,0,0,0,0,0,0,0,0,0,0,0,0,0
0,0,0,0,0,0,0,0,0,0,0,0,0,0,0,0,0,0,0,0,0,0,0,0,0,0,0,0
0,0,0,0,0,0,0,0,0,0,0,0,0,0,0,0,0,0,0,0,0,0,0,0,0,0,0,0
0,0,0,0,0,0,0,0,0,0,0,0,0,0,0,0,0,0,0,0,0,0,0,0,0,0,0,0
0,0,0,0,0,0,0,0,0,0,0,0,0,0,0,0,0,0,0,0,0,0,0,0,0,0,0,0
0,0,0,0,0,0,0,0,0,0,0,0,0,0,0,0,0,0,0,0,0,0,0,0,0,0,0,0
0,0,0,0,0,0,0,0,0,0,0,0,0,0,0,0,0,0,0,0,0,0,0,0,0,0,0,0
0,0,0,0,0,0,0,0,0,0,0,0,0,0,0,0,0,0,0,0,0,0,0,0,0,0,0,0
0,0,0,0,0,0,0,0,0,0,0,0,170,198,256,256,256,114,0,86,0,0,0,0,0,0,0,0
0,0,0,0,0,0,0,0,0,0,0,198,256,256,256,256,256,256,256,256,226,29,0,0,0,0,0,0
0,0,0,0,0,0,0,0,0,0,57,256,256,256,256,256,256,256,256,256,256,141,0,0,0,0,0,0
0,0,0,0,0,0,0,0,0,0,86,256,256,256,256,256,256,256,256,256,256,198,0,0,0,0,0,0
0,0,0,0,0,0,0,0,0,0,29,256,256,256,256,256,256,256,256,256,198,57,0,0,0,0,0,0
0,0,57,0,0,0,0,0,0,0,0,226,256,256,256,256,256,256,226,114,0,0,0,0,0,0,0,0
0,0,0,0,0,0,0,0,0,0,0,170,256,256,256,256,256,170,0,0,0,0,0,0,0,0,0,0
0,0,0,0,0,0,0,0,0,0,170,256,256,256,256,256,141,0,0,0,0,0,0,0,0,0,0,0
0,0,0,0,0,0,0,0,0,57,256,256,256,256,256,256,226,0,0,0,0,0,0,0,0,0,0,0
0,0,0,0,0,0,0,0,0,226,256,256,256,170,141,256,256,86,0,0,0,0,0,0,0,0,0,0
0,0,0,0,0,0,0,0,141,256,256,256,141,29,114,256,256,256,0,0,0,0,0,0,0,0,0,0
0,0,0,0,0,0,0,0,256,256,256,256,170,256,256,256,256,256,0,0,0,0,0,0,0,0,0,0
0,0,0,0,0,0,0,0,141,256,256,256,256,256,256,256,256,226,0,0,0,0,0,0,0,0,0,0
0,0,0,0,0,0,0,0,0,141,256,256,256,256,226,170,86,0,0,0,0,0,0,0,0,0,0,0
0,0,0,0,0,0,0,0,0,0,0,0,0,0,0,0,0,0,0,0,0,0,0,0,0,0,0,0
0,0,0,0,0,0,0,0,0,0,0,0,0,0,0,0,0,0,0,0,0,0,0,0,0,0,0,0
0,0,0,0,0,0,0,0,0,0,0,0,0,0,0,0,0,0,0,0,0,0,0,0,0,0,0,0
0,0,0,0,0,0,0,0,0,0,0,0,0,0,0,0,0,0,0,0,0,0,0,0,0,0,0,0
0,0,0,0,0,0,0,0,0,0,0,0,0,0,0,0,0,0,0,0,0,0,0,0,0,0,0,0
0,0,0,0,0,0,0,0,0,0,0,0,0,0,0,0,0,0,0,0,0,0,0,0,0,0,0,0
