0,0,0,0,0,0,0,0,0,0,0,0,0,0,0,0,0,0,0,0,0,0,0,0,0,0,0,0
0,0,0,0,0,0,0,0,0,0,0,0,0,0,0,0,0,0,0,0,0,0,0,0,0,0,0,0
0,0,0,0,0,0,0,0,0,0,0,0,0,0,0,0,0,0,0,0,0,0,0,0,0,0,0,0
0,0,0,0,0,0,0,0,0,0,0,0,0,0,0,170,86,0,0,0,0,0,0,0,0,0,0,0
0,0,0,0,0,0,0,0,0,0,0,0,0,0,170,226,0,0,0,0,0,0,0,0,0,0,0,0
0,0,0,0,0,0,0,0,0,0,0,0,0,86,256,86,0,0,0,0,0,0,0,0,0,0,0,0
0,0,0,0,0,0,0,0,0,0,0,0,0,256,226,0,0,0,0,0,0,0,0,0,0,0,0,0
0,0,0,0,0,0,0,0,0,0,0,0,170,256,86,0,0,0,0,0,0,0,0,0,0,0,0,0
0,0,0,0,0,0,0,0,0,0,0,0,256,198,0,0,0,0,0,0,0,0,0,0,0,0,0,0
0,0,0,0,0,0,0,0,0,0,0,226,256,29,0,0,0,114,256,256,86,0,0,0,0,0,0,0
0,0,0,0,0,0,0,0,0,0,29,256,141,0,0,0,114,256,198,198,256,0,0,0,0,0,0,0
0,0,0,0,0,0,0,0,0,0,198,226,0,0,0,141,256,114,0,57,256,86,0,0,0,0,0,0
0,0,0,0,0,0,0,0,0,114,256,86,0,0,86,256,170,0,0,0,256,57,0,0,0,0,0,0
0,0,0,0,0,0,0,0,0,256,226,0,0,0,256,226,0,0,0,0,256,0,0,0,0,0,0,0
0,0,0,0,0,0,0,0,0,256,141,0,0,170,256,0,0,0,0,29,256,0,0,0,0,0,0,0
0,0,0,0,0,0,0,0,57,256,57,0,29,256,198,0,0,0,0,114,256,0,0,0,0,0,0,0
0,0,0,0,0,0,0,0,141,256,0,0,114,256,29,0,0,0,0,198,170,0,0,0,0,0,0,0
0,0,0,0,0,0,0,0,170,226,0,0,226,198,0,0,0,0,29,256,29,0,0,0,0,0,0,0
0,0,0,0,0,0,0,0,170,170,0,0,256,141,0,0,0,29,226,170,0,0,0,0,0,0,0,0
0,0,0,0,0,0,0,0,170,226,0,0,256,57,0,0,114,256,226,0,0,0,0,0,0,0,0,0
0,0,0,0,0,0,0,0,57,256,29,0,198,198,86,198,256,170,0,0,0,0,0,0,0,0,0,0
0,0,0,0,0,0,0,0,0,198,256,170,198,256,256,226,86,0,0,0,0,0,0,0,0,0,0,0
0,0,0,0,0,0,0,0,0,0,141,226,198,170,86,0,0,0,0,0,0,0,0,0,0,0,0,0
0,0,0,0,0,0,0,0,0,0,0,0,0,0,0,0,0,0,0,0,0,0,0,0,0,0,0,0
0,0,0,0,0,0,0,0,0,0,0,0,0,0,0,0,0,0,0,0,0,0,0,0,0,0,0,0
0,0,0,0,0,0,0,0,0,0,0,0,0,0,0,0,0,0,0,0,0,0,0,0,0,0,0,0
0,0,0,0,0,0,0,0,0,0,0,0,0,0,0,0,0,0,0,0,0,0,0,0,0,0,0,0
0,0,0,0,0,0,0,0,0,0,0,0,0,0,0,0,0,0,0,0,0,0,0,0,0,0,0,0
