0,0,0,0,0,0,0,0,0,0,0,0,0,0,0,0,0,0,0,0,0,0,0,0,0,0,0,0
0,0,0,0,0,0,0,0,0,0,0,0,0,0,0,0,0,0,0,0,0,0,0,0,0,0,0,0
0,0,0,0,0,0,0,0,0,0,0,141,256,141,0,0,0,0,0,0,0,0,0,0,0,0,0,0
0,0,0,0,0,0,0,0,0,0,86,256,256,141,0,0,0,0,0,0,0,0,0,0,0,0,0,0
0,0,0,0,0,0,0,0,0,0,170,256,256,29,0,0,0,0,0,0,0,0,0,0,0,0,0,0
0,0,0,0,0,0,0,0,0,0,170,256,256,86,0,0,0,0,0,0,0,0,0,0,0,0,0,0
0,0,0,0,0,0,0,0,0,0,256,256,226,0,0,0,0,0,0,0,0,0,0,0,0,0,0,0
0,0,0,0,0,0,0,0,0,29,256,256,170,0,0,0,0,0,0,0,0,0,0,0,0,0,0,0
0,0,0,0,0,0,0,0,0,0,256,256,170,0,0,0,0,0,0,0,0,0,0,0,0,0,0,0
0,0,0,0,0,0,0,0,0,0,256,256,86,0,0,0,0,0,0,0,0,0,0,0,0,0,0,0
0,0,0,0,0,0,0,0,0,0,256,256,86,0,0,0,0,0,0,0,0,0,0,0,0,0,0,0
0,0,0,0,0,0,0,0,0,0,256,256,86,0,0,0,0,0,0,0,0,0,0,0,0,0,0,0
0,0,0,0,0,0,0,0,0,0,256,256,86,0,0,141,226,256,198,114,0,0,0,0,0,0,0,0
0,0,0,0,0,0,0,0,0,0,256,256,114,0,141,256,256,256,256,256,198,29,0,0,0,0,0,0
0,0,0,0,0,0,0,0,0,0,198,256,198,29,256,256,256,226,256,256,256,114,0,0,0,0,0,0
0,0,0,0,0,0,0,0,0,0,170,256,256,198,256,256,86,114,198,256,256,256,86,0,0,0,0,0
0,0,0,0,0,0,0,0,0,0,170,256,256,256,256,256,86,0,57,114,256,256,86,0,0,0,0,0
0,0,0,0,0,0,0,0,0,0,170,256,256,256,256,256,170,29,0,141,256,256,29,0,0,0,0,0
0,0,0,0,0,0,0,0,0,0,29,198,256,256,256,256,256,141,114,256,256,114,0,0,0,0,0,0
0,0,0,0,0,0,0,0,0,0,0,29,256,256,256,256,256,256,256,256,226,29,0,0,0,0,0,0
0,0,0,0,0,0,0,0,0,0,0,0,114,226,256,256,256,256,256,226,29,0,0,0,0,0,0,0
0,0,0,0,0,0,0,0,0,0,0,0,0,114,170,256,256,226,256,29,0,0,0,0,0,0,0,0
0,0,0,0,0,0,0,0,0,0,0,0,0,0,0,0,0,0,0,0,0,0,0,0,0,0,0,0
0,0,0,0,0,0,0,0,0,0,0,0,0,0,0,0,0,0,0,0,0,0,0,0,0,0,0,0
0,0,0,0,0,0,0,0,0,0,0,0,0,0,0,0,0,0,0,0,0,0,0,0,0,0,0,0
0,0,0,0,0,0,0,0,0,0,0,0,0,0,0,0,0,0,0,0,0,0,0,0,0,0,0,0
0,0,0,0,0,0,0,0,0,0,0,0,0,0,0,0,0,0,0,0,0,0,0,0,0,0,0,0
0,0,0,0,0,0,0,0,0,0,0,0,0,0,0,0,0,0,0,0,0,0,0,0,0,0,0,0
