0,0,0,0,0,0,0,0,0,0,0,0,0,0,0,0,0,0,0,0,0,0,0,0,0,0,0,0
0,0,0,0,0,0,0,0,0,0,0,0,0,0,0,0,0,0,0,0,0,0,0,0,0,0,0,0
0,0,0,0,0,0,0,0,0,0,0,0,0,0,0,0,0,0,0,0,0,0,0,0,0,0,0,0
0,0,0,0,0,0,0,0,0,0,0,0,0,0,0,0,0,0,86,226,226,0,0,0,0,0,0,0
0,0,0,0,0,0,0,0,0,0,0,0,0,0,0,0,29,170,256,256,198,0,0,0,0,0,0,0
0,0,0,0,0,0,0,0,0,0,0,0,0,0,0,29,226,256,256,198,57,0,0,0,0,0,0,0
0,0,0,0,0,0,0,0,0,0,0,0,0,0,86,226,256,256,256,114,0,0,0,0,0,0,0,0
0,0,0,0,0,0,0,0,0,0,0,0,0,57,256,256,256,256,256,29,0,0,0,0,0,0,0,0
0,0,0,0,0,0,0,0,0,0,0,0,29,226,256,226,29,141,141,0,0,0,0,0,0,0,0,0
0,0,0,0,0,0,0,0,0,0,0,29,198,256,226,57,226,170,0,0,0,0,0,0,0,0,0,0
0,0,0,0,0,0,0,0,0,0,0,170,256,256,86,57,141,0,0,0,0,0,0,0,0,0,0,0
0,0,0,0,0,0,0,0,0,0,86,256,256,141,0,0,0,0,0,0,0,0,0,0,0,0,0,0
0,0,0,0,0,0,0,0,0,29,226,256,198,0,0,0,0,0,57,86,29,0,0,0,0,0,0,0
0,0,0,0,0,0,0,0,29,170,256,226,57,0,0,0,29,170,256,256,226,57,0,0,0,0,0,0
0,0,0,0,0,0,0,0,114,256,256,114,0,0,0,170,226,256,256,256,256,170,0,0,0,0,0,0
0,0,0,0,0,0,0,57,256,256,141,0,0,29,198,256,256,256,170,198,256,170,0,0,0,0,0,0
0,0,0,0,0,0,0,198,256,226,29,0,29,226,256,226,114,29,0,170,256,170,0,0,0,0,0,0
0,0,0,0,0,0,86,256,256,141,0,29,226,256,170,0,0,29,170,256,226,29,0,0,0,0,0,0
0,0,0,0,0,0,170,256,256,29,29,226,256,226,29,29,114,226,256,226,29,0,0,0,0,0,0,0
0,0,0,0,0,0,170,256,170,0,114,256,256,141,170,256,256,256,141,29,0,0,0,0,0,0,0,0
0,0,0,0,0,0,198,256,256,256,256,256,256,256,256,226,114,29,0,0,0,0,0,0,0,0,0,0
0,0,0,0,0,0,57,256,256,256,256,256,256,226,114,0,0,0,0,0,0,0,0,0,0,0,0,0
0,0,0,0,0,0,0,29,114,170,198,226,114,0,0,0,0,0,0,0,0,0,0,0,0,0,0,0
0,0,0,0,0,0,0,0,0,0,0,0,0,0,0,0,0,0,0,0,0,0,0,0,0,0,0,0
0,0,0,0,0,0,0,0,0,0,0,0,0,0,0,0,0,0,0,0,0,0,0,0,0,0,0,0
0,0,0,0,0,0,0,0,0,0,0,0,0,0,0,0,0,0,0,0,0,0,0,0,0,0,0,0
0,0,0,0,0,0,0,0,0,0,0,0,0,0,0,0,0,0,0,0,0,0,0,0,0,0,0,0
0,0,0,0,0,0,0,0,0,0,0,0,0,0,0,0,0,0,0,0,0,0,0,0,0,0,0,0
