0,0,0,0,0,0,0,0,0,0,0,0,0,0,0,0,0,0,0,0,0,0,0,0,0,0,0,0
0,0,0,0,0,0,0,0,0,0,0,0,0,0,0,0,0,0,0,0,0,0,0,0,0,0,0,0
0,0,0,0,0,0,0,0,0,0,0,0,0,0,0,0,0,0,0,0,0,0,0,0,0,0,0,0
0,0,0,0,0,0,0,0,0,0,0,0,0,0,0,0,0,0,0,0,0,0,0,0,0,0,0,0
0,0,0,0,0,0,0,0,0,0,0,29,141,256,226,114,29,0,0,0,0,0,0,0,0,0,0,0
0,0,0,0,0,0,0,0,0,0,57,226,256,198,226,256,226,0,0,0,0,0,0,0,0,0,0,0
0,0,0,0,0,0,0,0,0,29,226,256,86,0,0,170,256,86,0,0,0,0,0,0,0,0,0,0
0,0,0,0,0,0,0,0,0,170,226,29,0,0,0,0,198,170,0,0,0,0,0,0,0,0,0,0
0,0,0,0,0,0,0,0,0,141,226,57,0,0,0,0,226,170,0,0,0,0,0,0,0,0,0,0
0,0,0,0,0,0,0,0,0,0,0,0,0,0,0,29,256,170,0,0,0,0,0,0,0,0,0,0
0,0,0,0,0,0,0,0,0,0,0,0,0,0,0,114,256,114,0,0,0,0,0,0,0,0,0,0
0,0,0,0,0,0,0,0,0,0,0,0,0,0,0,198,256,29,0,0,0,0,0,0,0,0,0,0
0,0,0,0,0,0,0,0,0,0,0,29,86,86,198,256,114,0,0,0,0,0,0,0,0,0,0,0
0,0,0,0,0,0,0,0,0,0,114,256,256,256,256,256,226,141,29,0,0,0,0,0,0,0,0,0
0,0,0,0,0,0,0,0,0,0,170,256,256,256,170,86,141,256,226,57,0,0,0,0,0,0,0,0
0,0,0,0,0,0,0,0,0,0,114,170,170,57,0,0,0,57,226,226,29,0,0,0,0,0,0,0
0,0,0,0,0,0,0,0,0,0,0,0,0,0,0,0,0,0,57,256,86,0,0,0,0,0,0,0
0,0,0,0,0,0,0,0,0,0,0,0,0,0,0,0,0,0,0,226,170,0,0,0,0,0,0,0
0,0,0,0,0,0,0,0,0,0,0,0,0,0,0,0,0,0,29,256,170,0,0,0,0,0,0,0
0,0,0,0,0,0,0,0,0,0,0,0,0,0,0,0,0,0,198,256,86,0,0,0,0,0,0,0
0,0,0,0,0,0,0,0,0,57,57,0,0,0,0,0,0,198,256,170,0,0,0,0,0,0,0,0
0,0,0,0,0,0,0,0,0,170,256,170,29,0,0,57,226,256,170,29,0,0,0,0,0,0,0,0
0,0,0,0,0,0,0,0,0,0,141,256,256,256,226,256,256,141,0,0,0,0,0,0,0,0,0,0
0,0,0,0,0,0,0,0,0,0,0,57,198,256,226,114,29,0,0,0,0,0,0,0,0,0,0,0
0,0,0,0,0,0,0,0,0,0,0,0,0,0,0,0,0,0,0,0,0,0,0,0,0,0,0,0
0,0,0,0,0,0,0,0,0,0,0,0,0,0,0,0,0,0,0,0,0,0,0,0,0,0,0,0
0,0,0,0,0,0,0,0,0,0,0,0,0,0,0,0,0,0,0,0,0,0,0,0,0,0,0,0
0,0,0,0,0,0,0,0,0,0,0,0,0,0,0,0,0,0,0,0,0,0,0,0,0,0,0,0
