0,0,0,0,0,0,0,0,0,0,0,0,0,0,0,0,0,0,0,0,0,0,0,0,0,0,0,0
0,0,0,0,0,0,0,0,0,0,0,0,0,0,0,0,0,0,0,0,0,0,0,0,0,0,0,0
0,0,0,0,0,0,0,0,0,0,0,0,0,0,0,0,0,0,0,0,0,0,0,0,0,0,0,0
0,0,0,0,0,0,0,0,0,0,0,0,0,0,0,0,0,0,0,0,0,0,0,0,0,0,0,0
0,0,0,0,0,0,0,0,0,0,0,0,0,0,0,0,0,0,0,0,0,0,0,0,0,0,0,0
0,0,0,0,0,0,0,0,0,0,0,57,170,256,256,256,198,86,0,0,0,0,0,0,0,0,0,0
0,0,0,0,0,0,0,0,0,86,198,256,256,256,256,226,256,256,29,0,0,0,0,0,0,0,0,0
0,0,0,0,0,0,0,29,114,256,256,226,114,0,0,0,29,256,86,0,0,0,0,0,0,0,0,0
0,0,0,0,0,0,29,256,256,198,114,0,0,0,0,0,29,256,86,0,0,0,0,0,0,0,0,0
0,0,0,0,0,0,86,256,170,29,0,0,0,0,0,0,170,256,86,0,0,0,0,0,0,0,0,0
0,0,0,0,0,0,0,29,0,0,0,0,0,0,0,170,256,198,0,0,0,0,0,0,0,0,0,0
0,0,0,0,0,0,0,0,0,0,0,0,0,29,141,256,256,29,0,0,0,0,0,0,0,0,0,0
0,0,0,0,0,0,0,0,0,0,0,0,29,226,256,226,57,0,0,0,0,0,0,0,0,0,0,0
0,0,0,0,0,0,0,0,0,0,0,114,256,256,198,29,0,0,0,0,0,0,0,0,0,0,0,0
0,0,0,0,0,0,0,0,0,141,256,256,256,198,114,57,0,0,0,0,0,0,0,0,0,0,0,0
0,0,0,0,0,0,0,0,29,256,256,256,226,256,256,256,226,141,0,0,0,0,0,0,0,0,0,0
0,0,0,0,0,0,0,0,0,29,29,0,0,0,0,57,114,256,198,0,0,0,0,0,0,0,0,0
0,0,0,0,0,0,0,0,0,0,0,0,0,0,0,0,0,0,170,226,0,0,0,0,0,0,0,0
0,0,0,0,0,0,0,0,0,0,0,0,0,0,0,0,0,0,0,226,114,0,0,0,0,0,0,0
0,0,0,0,0,0,0,0,0,0,0,0,0,0,0,0,0,0,0,86,226,0,0,0,0,0,0,0
0,0,0,0,0,0,0,0,0,0,0,0,0,0,0,0,0,0,0,86,256,0,0,0,0,0,0,0
0,0,0,0,0,0,0,0,29,0,0,0,0,0,0,0,0,0,0,170,170,0,0,0,0,0,0,0
0,0,0,0,0,0,0,0,114,226,141,0,0,0,0,0,0,29,170,256,29,0,0,0,0,0,0,0
0,0,0,0,0,0,0,0,0,86,170,256,256,170,170,170,256,256,256,114,0,0,0,0,0,0,0,0
0,0,0,0,0,0,0,0,0,0,0,0,141,170,226,256,170,114,29,0,0,0,0,0,0,0,0,0
0,0,0,0,0,0,0,0,0,0,0,0,0,0,0,0,0,0,0,0,0,0,0,0,0,0,0,0
0,0,0,0,0,0,0,0,0,0,0,0,0,0,0,0,0,0,0,0,0,0,0,0,0,0,0,0
0,0,0,0,0,0,0,0,0,0,0,0,0,0,0,0,0,0,0,0,0,0,0,0,0,0,0,0
