0,0,0,0,0,0,0,0,0,0,0,0,0,0,0,0,0,0,0,0,0,0,0,0,0,0,0,0
0,0,0,0,0,0,0,0,0,0,0,0,0,0,0,0,0,0,0,0,0,0,0,0,0,0,0,0
0,0,0,0,0,0,0,0,0,0,0,0,0,0,0,0,0,0,0,0,0,0,0,0,0,0,0,0
0,0,0,0,0,0,0,0,0,0,0,0,0,0,0,0,0,0,0,0,0,0,0,0,0,0,0,0
0,0,0,0,0,0,0,0,0,0,0,0,0,0,141,256,256,226,29,0,0,0,0,0,0,0,0,0
0,0,0,0,0,0,0,0,0,0,0,0,0,0,198,256,256,256,170,0,0,0,0,0,0,0,0,0
0,0,0,0,0,0,0,0,0,0,0,0,0,0,0,170,198,256,226,57,0,0,0,0,0,0,0,0
0,0,0,0,0,0,0,0,0,0,0,0,0,0,0,0,57,226,256,141,0,0,0,0,0,0,0,0
0,0,0,0,0,0,0,0,0,0,0,0,0,0,0,0,114,256,256,170,0,0,0,0,0,0,0,0
0,0,0,0,0,0,0,0,0,0,0,0,0,0,57,198,256,256,256,86,0,0,0,0,0,0,0,0
0,0,0,0,0,0,0,0,0,0,0,0,114,198,256,256,256,256,57,0,0,0,0,0,0,0,0,0
0,0,0,0,0,0,0,0,0,29,170,256,256,256,256,256,170,29,0,0,0,0,0,0,0,0,0,0
0,0,0,0,0,0,0,0,0,86,256,256,256,256,256,256,86,0,0,0,0,0,0,0,0,0,0,0
0,0,0,0,0,0,0,0,0,0,256,256,256,170,170,256,256,0,0,0,0,0,0,0,0,0,0,0
0,0,0,0,0,0,0,0,0,0,29,86,0,0,0,170,256,198,0,0,0,0,0,0,0,0,0,0
0,0,0,0,0,0,0,0,0,0,0,0,0,0,0,114,256,256,0,0,0,0,0,0,0,0,0,0
0,0,0,0,0,0,0,0,0,0,0,0,0,0,0,114,256,256,86,0,0,0,0,0,0,0,0,0
0,0,0,0,0,0,0,0,0,0,0,0,0,0,0,226,256,256,57,0,0,0,0,0,0,0,0,0
0,0,0,0,0,0,0,0,0,0,0,0,0,0,170,256,256,256,0,0,0,0,0,0,0,0,0,0
0,0,0,0,0,0,0,0,0,0,0,0,29,198,256,256,256,226,0,0,0,0,0,0,0,0,0,0
0,0,0,0,0,0,0,0,0,0,86,170,256,256,256,256,256,57,0,0,0,0,0,0,0,0,0,0
0,0,0,0,29,86,141,226,256,256,256,256,256,256,256,198,57,0,0,0,0,0,0,0,0,0,0,0
0,0,0,0,141,256,256,256,256,256,256,256,256,226,86,0,0,0,0,0,0,0,0,0,0,0,0,0
0,0,0,0,0,29,86,86,170,198,86,114,86,29,0,0,0,0,0,0,0,0,0,0,0,0,0,0
0,0,0,0,0,0,0,0,0,0,0,0,0,0,0,0,0,0,0,0,0,0,0,0,0,0,0,0
0,0,0,0,0,0,0,0,0,0,0,0,0,0,0,0,0,0,0,0,0,0,0,0,0,0,0,0
0,0,0,0,0,0,0,0,0,0,0,0,0,0,0,0,0,0,0,0,0,0,0,0,0,0,0,0
0,0,0,0,0,0,0,0,0,0,0,0,0,0,0,0,0,0,0,0,0,0,0,0,0,0,0,0
