0,0,0,0,0,0,0,0,0,0,0,0,0,0,0,0,0,0,0,0,0,0,0,0,0,0,0,0
0,0,0,0,0,0,0,0,0,0,0,0,0,0,0,0,0,0,0,0,0,0,0,0,0,0,0,0
0,0,0,0,0,0,0,0,0,0,0,0,0,0,0,0,0,0,0,0,0,0,0,0,0,0,0,0
0,0,0,0,0,0,0,0,0,0,0,0,0,0,0,0,0,0,0,0,0,0,0,0,0,0,0,0
0,0,0,0,0,0,0,0,0,198,256,256,226,170,198,170,170,141,0,0,0,0,0,0,0,0,0,0
0,0,0,0,0,0,0,0,0,256,256,256,256,256,256,256,256,256,170,0,0,0,0,0,0,0,0,0
0,0,0,0,0,0,0,0,0,141,256,170,86,114,170,170,170,226,256,29,0,0,0,0,0,0,0,0
0,0,0,0,0,0,0,0,0,0,0,0,0,0,0,0,0,29,256,86,0,0,0,0,0,0,0,0
0,0,0,0,0,0,0,0,0,0,0,0,0,0,0,0,29,198,256,29,0,0,0,0,0,0,0,0
0,0,0,0,0,0,0,0,0,0,0,0,0,0,57,141,256,256,226,0,0,0,0,0,0,0,0,0
0,0,0,0,0,0,0,0,0,0,0,29,256,256,256,256,256,256,29,0,0,0,0,0,0,0,0,0
0,0,0,0,0,0,0,0,0,0,0,141,256,256,256,256,256,29,0,0,0,0,0,0,0,0,0,0
0,0,0,0,0,0,0,0,0,0,0,141,256,226,256,256,256,170,0,0,0,0,0,0,0,0,0,0
0,0,0,0,0,0,0,0,0,0,0,0,0,0,29,198,256,256,86,0,0,0,0,0,0,0,0,0
0,0,0,0,0,0,0,0,0,0,0,0,0,0,0,0,226,256,226,0,0,0,0,0,0,0,0,0
0,0,0,0,0,0,0,0,0,0,0,0,0,0,0,0,29,256,256,141,0,0,0,0,0,0,0,0
0,0,0,0,0,0,0,0,0,0,0,0,0,0,0,0,0,141,256,226,0,0,0,0,0,0,0,0
0,0,0,0,0,0,0,0,0,0,0,0,0,0,0,0,0,29,256,256,0,0,0,0,0,0,0,0
0,0,0,0,0,0,0,0,0,0,0,0,0,0,0,0,0,0,256,256,57,0,0,0,0,0,0,0
0,0,0,0,0,0,0,0,0,0,0,0,0,0,0,0,0,29,256,256,0,0,0,0,0,0,0,0
0,0,0,0,0,0,0,0,0,0,0,0,0,0,0,86,170,256,256,256,0,0,0,0,0,0,0,0
0,0,0,0,0,0,0,86,86,141,198,256,256,256,256,256,256,256,256,114,0,0,0,0,0,0,0,0
0,0,0,0,0,0,0,141,256,256,256,256,256,256,256,256,256,226,114,0,0,0,0,0,0,0,0,0
0,0,0,0,0,0,0,0,170,256,256,256,256,198,170,141,86,0,0,0,0,0,0,0,0,0,0,0
0,0,0,0,0,0,0,0,0,0,0,0,0,0,0,0,0,0,0,0,0,0,0,0,0,0,0,0
0,0,0,0,0,0,0,0,0,0,0,0,0,0,0,0,0,0,0,0,0,0,0,0,0,0,0,0
0,0,0,0,0,0,0,0,0,0,0,0,0,0,0,0,0,0,0,0,0,0,0,0,0,0,0,0
0,0,0,0,0,0,0,0,0,0,0,0,0,0,0,0,0,0,0,0,0,0,0,0,0,0,0,0
