0,0,0,0,0,0,0,0,0,0,0,0,0,0,0,0,0,0,0,0,0,0,0,0,0,0,0,0
0,0,0,0,0,0,0,0,0,0,0,0,0,0,0,0,0,0,0,0,0,0,0,0,0,0,0,0
0,0,0,0,0,0,0,0,0,0,0,0,0,0,0,0,0,0,0,0,0,0,0,0,0,0,0,0
0,0,0,0,0,0,0,0,0,0,0,0,0,114,226,256,256,256,57,0,0,0,0,0,0,0,0,0
0,0,0,0,0,0,0,0,0,0,0,57,57,256,198,256,226,256,86,0,0,0,0,0,0,0,0,0
0,0,0,0,0,0,0,0,0,0,0,226,256,256,141,29,0,170,29,0,0,0,0,0,0,0,0,0
0,0,0,0,0,0,0,0,0,29,198,256,256,141,0,0,0,0,0,0,0,0,0,0,0,0,0,0
0,0,0,0,0,0,0,0,0,170,256,256,141,0,0,0,0,0,0,0,0,0,0,0,0,0,0,0
0,0,0,0,0,0,0,0,86,256,256,114,0,0,0,0,0,0,0,0,0,0,0,0,0,0,0,0
0,0,0,0,0,0,0,29,256,256,170,0,0,0,0,0,0,0,0,0,0,0,0,0,0,0,0,0
0,0,0,0,0,0,0,198,256,198,29,0,0,0,0,0,0,0,0,0,0,0,0,0,0,0,0,0
0,0,0,0,0,0,57,256,256,57,0,0,0,0,0,0,0,0,0,0,0,0,0,0,0,0,0,0
0,0,0,0,0,0,170,256,170,0,0,0,0,0,0,0,0,0,0,0,0,0,0,0,0,0,0,0
0,0,0,0,0,0,226,256,86,0,0,0,0,0,0,57,170,198,170,226,198,114,29,0,0,0,0,0
0,0,0,0,0,0,226,256,57,0,0,0,0,114,226,256,256,256,256,256,256,256,198,29,0,0,0,0
0,0,0,0,0,0,170,256,0,0,0,0,226,256,256,256,256,198,256,256,256,256,256,57,0,0,0,0
0,0,0,0,0,0,170,256,0,0,0,198,256,256,141,57,29,29,0,0,29,170,256,198,0,0,0,0
0,0,0,0,0,0,170,256,86,0,86,256,256,86,0,0,0,0,0,0,0,0,256,198,0,0,0,0
0,0,0,0,0,0,29,226,226,29,170,256,141,0,0,0,0,0,0,0,0,86,256,86,0,0,0,0
0,0,0,0,0,0,0,86,256,256,256,256,29,0,0,0,0,0,0,0,114,256,114,29,0,0,0,0
0,0,0,0,0,0,0,0,86,256,256,256,141,170,86,57,141,86,86,198,256,256,86,0,0,0,0,0
0,0,0,0,0,0,0,0,0,57,198,256,256,256,256,256,256,256,256,256,226,57,29,0,0,0,0,0
0,0,0,0,0,0,0,0,0,0,0,86,170,86,141,256,226,141,57,57,0,0,0,0,0,0,0,0
0,0,0,0,0,0,0,0,0,0,0,0,0,0,0,0,0,0,0,0,0,0,0,0,0,0,0,0
0,0,0,0,0,0,0,0,0,0,0,0,0,0,0,0,0,0,0,0,0,0,0,0,0,0,0,0
0,0,0,0,0,0,0,0,0,0,0,0,0,0,0,0,0,0,0,0,0,0,0,0,0,0,0,0
0,0,0,0,0,0,0,0,0,0,0,0,0,0,0,0,0,0,0,0,0,0,0,0,0,0,0,0
0,0,0,0,0,0,0,0,0,0,0,0,0,0,0,0,0,0,0,0,0,0,0,0,0,0,0,0
